Date	SP500	Dividend	Earnings	Consumer Price Index	Real Price	Real Dividend	Real Earnings
1871-01-01	4,44	0,26	0,4	12,46	89	5,21	8,02
1871-02-01	4,5	0,26	0,4	12,84	87,53	5,06	7,78
1871-03-01	4,61	0,26	0,4	13,03	88,36	4,98	7,67
1871-04-01	4,74	0,26	0,4	12,56	94,29	5,17	7,96
1871-05-01	4,86	0,26	0,4	12,27	98,93	5,29	8,14
1871-06-01	4,82	0,26	0,4	12,08	99,66	5,38	8,27
1871-07-01	4,73	0,26	0,4	12,08	97,8	5,38	8,27
1871-08-01	4,79	0,26	0,4	11,89	100,62	5,46	8,4
1871-09-01	4,84	0,26	0,4	12,18	99,29	5,33	8,21
1871-10-01	4,59	0,26	0,4	12,37	92,71	5,25	8,08
1871-11-01	4,64	0,26	0,4	12,37	93,72	5,25	8,08
1871-12-01	4,74	0,26	0,4	12,65	93,58	5,13	7,9
1872-01-01	4,86	0,26	0,4	12,65	95,95	5,2	7,95
1872-02-01	4,88	0,27	0,41	12,65	96,35	5,27	8
1872-03-01	5,04	0,27	0,41	12,84	98,03	5,25	7,93
1872-04-01	5,18	0,27	0,41	13,13	98,56	5,2	7,8
1872-05-01	5,18	0,28	0,41	13,13	98,56	5,26	7,85
1872-06-01	5,13	0,28	0,41	13,03	98,32	5,37	7,95
1872-07-01	5,1	0,28	0,42	12,84	99,2	5,51	8,12
1872-08-01	5,04	0,29	0,42	12,94	97,31	5,54	8,11
1872-09-01	4,95	0,29	0,42	13,03	94,87	5,56	8,1
1872-10-01	4,97	0,29	0,42	12,75	97,39	5,75	8,33
1872-11-01	4,95	0,3	0,43	13,13	94,19	5,65	8,13
1872-12-01	5,07	0,3	0,43	12,94	97,89	5,79	8,3
1873-01-01	5,11	0,3	0,43	12,94	98,66	5,84	8,35
1873-02-01	5,15	0,3	0,43	13,23	97,29	5,76	8,22
1873-03-01	5,11	0,31	0,44	13,23	96,53	5,81	8,26
1873-04-01	5,04	0,31	0,44	13,23	95,21	5,86	8,31
1873-05-01	5,05	0,31	0,44	12,94	97,5	6,03	8,54
1873-06-01	4,98	0,32	0,45	12,56	99,07	6,27	8,85
1873-07-01	4,97	0,32	0,45	12,56	98,87	6,32	8,9
1873-08-01	4,97	0,32	0,45	12,56	98,87	6,37	8,95
1873-09-01	4,59	0,32	0,45	12,56	91,31	6,42	9
1873-10-01	4,19	0,33	0,46	12,27	85,29	6,62	9,26
1873-11-01	4,04	0,33	0,46	11,89	84,87	6,88	9,61
1873-12-01	4,42	0,33	0,46	12,18	90,67	6,77	9,44
1874-01-01	4,66	0,33	0,46	12,37	94,13	6,67	9,29
1874-02-01	4,8	0,33	0,46	12,37	96,95	6,67	9,29
1874-03-01	4,73	0,33	0,46	12,37	95,54	6,67	9,29
1874-04-01	4,6	0,33	0,46	12,18	94,37	6,77	9,44
1874-05-01	4,48	0,33	0,46	12,08	92,63	6,82	9,51
1874-06-01	4,46	0,33	0,46	11,8	94,44	6,99	9,74
1874-07-01	4,46	0,33	0,46	11,89	93,69	6,93	9,66
1874-08-01	4,47	0,33	0,46	11,8	94,66	6,99	9,74
1874-09-01	4,54	0,33	0,46	11,8	96,14	6,99	9,74
1874-10-01	4,53	0,33	0,46	11,61	97,5	7,1	9,9
1874-11-01	4,57	0,33	0,46	11,51	99,17	7,16	9,98
1874-12-01	4,54	0,33	0,46	11,51	98,52	7,16	9,98
1875-01-01	4,54	0,33	0,45	11,51	98,52	7,11	9,8
1875-02-01	4,53	0,33	0,44	11,51	98,31	7,05	9,62
1875-03-01	4,59	0,32	0,43	11,51	99,61	7	9,44
1875-04-01	4,65	0,32	0,43	11,61	100,08	6,89	9,18
1875-05-01	4,47	0,32	0,42	11,32	98,63	7,01	9,23
1875-06-01	4,38	0,32	0,41	11,13	98,3	7,07	9,2
1875-07-01	4,39	0,31	0,4	11,13	98,52	7,01	9,02
1875-08-01	4,41	0,31	0,39	11,23	98,13	6,9	8,75
1875-09-01	4,37	0,31	0,39	11,13	98,08	6,9	8,64
1875-10-01	4,3	0,3	0,38	11,13	96,5	6,85	8,45
1875-11-01	4,37	0,3	0,37	11,04	98,92	6,85	8,34
1875-12-01	4,37	0,3	0,36	10,94	99,78	6,85	8,22
1876-01-01	4,46	0,3	0,35	10,85	102,73	6,91	8,14
1876-02-01	4,52	0,3	0,35	10,85	104,11	6,91	7,99
1876-03-01	4,51	0,3	0,34	10,85	103,88	6,91	7,83
1876-04-01	4,34	0,3	0,33	10,75	100,85	6,97	7,74
1876-05-01	4,18	0,3	0,33	10,37	100,7	7,23	7,87
1876-06-01	4,15	0,3	0,32	10,09	102,8	7,43	7,93
1876-07-01	4,1	0,3	0,31	10,09	101,57	7,43	7,76
1876-08-01	3,93	0,3	0,31	10,18	96,44	7,36	7,53
1876-09-01	3,69	0,3	0,3	10,28	89,72	7,29	7,29
1876-10-01	3,67	0,3	0,29	10,47	87,61	7,16	7
1876-11-01	3,6	0,3	0,29	10,56	85,16	7,1	6,78
1876-12-01	3,58	0,3	0,28	10,75	83,19	6,97	6,51
1877-01-01	3,55	0,29	0,28	10,94	81,06	6,64	6,43
1877-02-01	3,34	0,28	0,28	10,66	78,31	6,6	6,64
1877-03-01	3,17	0,27	0,28	10,18	77,79	6,69	6,99
1877-04-01	2,94	0,26	0,29	10,47	70,18	6,29	6,84
1877-05-01	2,94	0,25	0,29	10,66	68,93	5,96	6,76
1877-06-01	2,73	0,24	0,29	10,09	67,63	6,07	7,18
1877-07-01	2,85	0,24	0,29	10,18	69,94	5,79	7,16
1877-08-01	3,05	0,23	0,29	9,8	77,75	5,78	7,48
1877-09-01	3,24	0,22	0,29	9,7	83,41	5,6	7,59
1877-10-01	3,31	0,21	0,3	9,7	85,21	5,36	7,64
1877-11-01	3,26	0,2	0,3	9,51	85,6	5,23	7,83
1877-12-01	3,25	0,19	0,3	9,51	85,34	4,99	7,88
1878-01-01	3,25	0,19	0,3	9,23	87,98	5,12	8,14
1878-02-01	3,18	0,19	0,3	9,13	86,98	5,15	8,25
1878-03-01	3,24	0,19	0,3	8,94	90,51	5,24	8,45
1878-04-01	3,33	0,19	0,3	8,85	94,02	5,27	8,56
1878-05-01	3,34	0,19	0,3	8,56	97,45	5,42	8,88
1878-06-01	3,41	0,18	0,3	8,37	101,75	5,52	9,1
1878-07-01	3,48	0,18	0,31	8,47	102,67	5,43	9,02
1878-08-01	3,45	0,18	0,31	8,56	100,66	5,35	8,95
1878-09-01	3,52	0,18	0,31	8,56	102,7	5,32	8,97
1878-10-01	3,48	0,18	0,31	8,47	102,67	5,36	9,1
1878-11-01	3,47	0,18	0,31	8,37	103,54	5,39	9,23
1878-12-01	3,45	0,18	0,31	8,18	105,34	5,5	9,47
1879-01-01	3,58	0,18	0,32	8,28	108,05	5,48	9,53
1879-02-01	3,71	0,18	0,32	8,37	110,7	5,47	9,6
1879-03-01	3,65	0,18	0,33	8,28	110,16	5,58	9,88
1879-04-01	3,77	0,19	0,33	8,18	115,11	5,7	10,18
1879-05-01	3,94	0,19	0,34	8,18	120,3	5,75	10,36
1879-06-01	3,96	0,19	0,34	8,09	122,33	5,87	10,66
1879-07-01	4,04	0,19	0,35	8,18	123,35	5,85	10,71
1879-08-01	4,07	0,19	0,36	8,18	124,27	5,9	10,89
1879-09-01	4,22	0,2	0,36	8,47	124,51	5,75	10,7
1879-10-01	4,68	0,2	0,37	8,94	130,73	5,49	10,29
1879-11-01	4,93	0,2	0,37	9,42	130,76	5,26	9,93
1879-12-01	4,92	0,2	0,38	9,7	126,66	5,15	9,78
1880-01-01	5,11	0,2	0,39	9,99	127,79	5,13	9,73
1880-02-01	5,2	0,21	0,4	9,99	130,04	5,25	9,96
1880-03-01	5,3	0,21	0,41	10,09	131,29	5,33	10,09
1880-04-01	5,18	0,22	0,42	9,7	133,35	5,66	10,73
1880-05-01	4,77	0,23	0,43	9,42	126,52	5,97	11,29
1880-06-01	4,79	0,23	0,43	9,23	129,67	6,23	11,78
1880-07-01	5,01	0,23	0,44	9,23	135,62	6,36	12,02
1880-08-01	5,19	0,24	0,45	9,23	140,5	6,5	12,27
1880-09-01	5,18	0,24	0,46	9,32	138,79	6,56	12,39
1880-10-01	5,33	0,25	0,47	9,32	142,81	6,7	12,64
1880-11-01	5,61	0,26	0,48	9,42	148,8	6,76	12,75
1880-12-01	5,84	0,26	0,49	9,51	153,35	6,83	12,87
1881-01-01	6,19	0,27	0,49	9,42	164,18	7,03	12,89
1881-02-01	6,17	0,27	0,48	9,51	162,01	7,09	12,65
1881-03-01	6,24	0,28	0,48	9,51	163,85	7,22	12,54
1881-04-01	6,22	0,28	0,47	9,61	161,71	7,28	12,31
1881-05-01	6,5	0,28	0,47	9,51	170,68	7,48	12,32
1881-06-01	6,58	0,29	0,47	9,51	172,78	7,61	12,21
1881-07-01	6,35	0,29	0,46	9,61	165,09	7,67	11,98
1881-08-01	6,2	0,3	0,46	9,8	158,06	7,65	11,64
1881-09-01	6,25	0,3	0,45	10,18	153,38	7,48	11,1
1881-10-01	6,15	0,31	0,45	10,28	149,53	7,54	10,9
1881-11-01	6,19	0,32	0,44	10,18	151,91	7,73	10,9
1881-12-01	6,01	0,32	0,44	10,18	147,49	7,85	10,8
1882-01-01	5,92	0,32	0,44	10,18	145,28	7,85	10,78
1882-02-01	5,79	0,32	0,44	10,28	140,77	7,78	10,66
1882-03-01	5,78	0,32	0,44	10,28	140,53	7,78	10,64
1882-04-01	5,78	0,32	0,44	10,37	139,24	7,71	10,52
1882-05-01	5,71	0,32	0,44	10,47	136,3	7,64	10,4
1882-06-01	5,68	0,32	0,43	10,56	134,37	7,57	10,29
1882-07-01	6	0,32	0,43	10,47	143,23	7,64	10,36
1882-08-01	6,18	0,32	0,43	10,56	146,19	7,57	10,25
1882-09-01	6,24	0,32	0,43	10,28	151,71	7,78	10,52
1882-10-01	6,07	0,32	0,43	10,18	148,96	7,85	10,59
1882-11-01	5,81	0,32	0,43	10,09	143,93	7,93	10,67
1882-12-01	5,84	0,32	0,43	9,99	146,05	8	10,75
1883-01-01	5,81	0,32	0,43	9,99	145,29	8,02	10,69
1883-02-01	5,68	0,32	0,42	10,09	140,7	7,97	10,53
1883-03-01	5,75	0,32	0,42	9,99	143,79	8,06	10,57
1883-04-01	5,87	0,32	0,42	9,9	148,21	8,16	10,6
1883-05-01	5,77	0,32	0,42	9,8	147,1	8,26	10,64
1883-06-01	5,82	0,33	0,41	9,51	152,82	8,53	10,9
1883-07-01	5,73	0,33	0,41	9,32	153,53	8,73	11,05
1883-08-01	5,47	0,33	0,41	9,32	146,56	8,75	10,99
1883-09-01	5,53	0,33	0,41	9,23	149,7	8,87	11,03
1883-10-01	5,38	0,33	0,41	9,23	145,64	8,89	10,96
1883-11-01	5,46	0,33	0,4	9,13	149,34	9	11,01
1883-12-01	5,34	0,33	0,4	9,23	144,56	8,93	10,83
1884-01-01	5,18	0,33	0,39	9,23	140,22	8,89	10,63
1884-02-01	5,32	0,33	0,39	9,23	144,01	8,84	10,42
1884-03-01	5,3	0,33	0,38	9,23	143,47	8,8	10,22
1884-04-01	5,06	0,32	0,37	9,04	139,86	8,94	10,23
1884-05-01	4,65	0,32	0,36	8,85	131,29	9,08	10,24
1884-06-01	4,46	0,32	0,35	8,85	125,93	9,04	10,02
1884-07-01	4,46	0,32	0,35	8,75	127,29	9,08	9,92
1884-08-01	4,74	0,32	0,34	8,75	135,29	9,04	9,7
1884-09-01	4,59	0,32	0,33	8,66	132,45	9,09	9,59
1884-10-01	4,44	0,31	0,33	8,56	129,54	9,14	9,48
1884-11-01	4,35	0,31	0,32	8,37	129,8	9,3	9,47
1884-12-01	4,34	0,31	0,31	8,28	130,99	9,36	9,36
1885-01-01	4,24	0,3	0,31	8,28	127,97	9,18	9,26
1885-02-01	4,37	0,3	0,3	8,37	130,4	8,9	9,05
1885-03-01	4,38	0,29	0,3	8,18	133,73	8,93	9,16
1885-04-01	4,37	0,29	0,3	8,28	131,89	8,65	8,95
1885-05-01	4,32	0,28	0,29	8,09	133,45	8,67	9,06
1885-06-01	4,3	0,28	0,29	7,9	136,04	8,7	9,17
1885-07-01	4,46	0,27	0,29	7,99	139,42	8,42	8,96
1885-08-01	4,71	0,26	0,28	7,99	147,23	8,23	8,86
1885-09-01	4,65	0,26	0,28	7,9	147,11	8,15	8,86
1885-10-01	4,92	0,25	0,28	7,9	155,65	7,96	8,75
1885-11-01	5,24	0,25	0,27	7,99	163,8	7,68	8,54
1885-12-01	5,2	0,24	0,27	8,18	158,77	7,33	8,24
1886-01-01	5,2	0,24	0,28	7,99	162,55	7,45	8,6
1886-02-01	5,3	0,24	0,28	7,99	165,68	7,4	8,75
1886-03-01	5,19	0,23	0,28	7,9	164,19	7,43	9,02
1886-04-01	5,12	0,23	0,29	7,8	163,95	7,47	9,29
1886-05-01	5,02	0,23	0,29	7,61	164,77	7,61	9,68
1886-06-01	5,25	0,23	0,3	7,52	174,5	7,64	9,97
1886-07-01	5,33	0,23	0,3	7,61	174,95	7,49	10,01
1886-08-01	5,37	0,23	0,31	7,71	174,08	7,35	10,05
1886-09-01	5,51	0,23	0,32	7,71	178,62	7,29	10,21
1886-10-01	5,65	0,22	0,32	7,71	183,16	7,24	10,37
1886-11-01	5,79	0,22	0,33	7,71	187,7	7,19	10,54
1886-12-01	5,64	0,22	0,33	7,8	180,61	7,04	10,57
1887-01-01	5,58	0,22	0,33	7,99	174,43	6,96	10,39
1887-02-01	5,54	0,23	0,34	8,09	171,14	6,95	10,35
1887-03-01	5,67	0,23	0,34	8,09	175,16	7,03	10,43
1887-04-01	5,8	0,23	0,34	8,09	179,17	7,11	10,5
1887-05-01	5,9	0,23	0,34	8,09	182,26	7,18	10,58
1887-06-01	5,73	0,23	0,34	7,99	179,12	7,35	10,78
1887-07-01	5,59	0,24	0,35	7,9	176,85	7,51	10,99
1887-08-01	5,45	0,24	0,35	7,99	170,37	7,5	10,94
1887-09-01	5,38	0,24	0,35	7,9	170,2	7,67	11,15
1887-10-01	5,2	0,24	0,35	7,99	162,55	7,66	11,1
1887-11-01	5,3	0,25	0,36	8,09	163,73	7,65	11,04
1887-12-01	5,27	0,25	0,36	8,28	159,06	7,55	10,87
1888-01-01	5,31	0,25	0,35	8,37	158,44	7,41	10,49
1888-02-01	5,28	0,25	0,34	8,28	159,36	7,45	10,36
1888-03-01	5,08	0,24	0,34	8,28	153,32	7,39	10,11
1888-04-01	5,1	0,24	0,33	8,18	155,72	7,43	9,98
1888-05-01	5,17	0,24	0,32	8,09	159,71	7,47	9,83
1888-06-01	5,01	0,24	0,31	7,99	156,61	7,5	9,69
1888-07-01	5,14	0,24	0,3	8,09	158,78	7,36	9,32
1888-08-01	5,25	0,24	0,29	8,09	162,18	7,31	9,06
1888-09-01	5,38	0,23	0,28	8,09	166,2	7,26	8,8
1888-10-01	5,35	0,23	0,28	8,18	163,35	7,12	8,45
1888-11-01	5,24	0,23	0,27	8,28	158,15	6,99	8,1
1888-12-01	5,14	0,23	0,26	8,28	155,13	6,94	7,85
1889-01-01	5,24	0,23	0,26	7,99	163,8	7,16	8,23
1889-02-01	5,3	0,23	0,27	7,9	167,67	7,22	8,44
1889-03-01	5,19	0,23	0,27	7,8	166,2	7,29	8,65
1889-04-01	5,18	0,23	0,27	7,8	165,88	7,26	8,75
1889-05-01	5,32	0,23	0,28	7,61	174,62	7,41	9,08
1889-06-01	5,41	0,23	0,28	7,61	177,57	7,39	9,19
1889-07-01	5,3	0,22	0,28	7,61	173,96	7,36	9,3
1889-08-01	5,37	0,22	0,29	7,61	176,26	7,33	9,41
1889-09-01	5,5	0,22	0,29	7,71	178,3	7,21	9,4
1889-10-01	5,4	0,22	0,29	7,71	175,05	7,19	9,51
1889-11-01	5,35	0,22	0,3	7,71	173,43	7,16	9,62
1889-12-01	5,32	0,22	0,3	7,8	170,36	7,04	9,61
1890-01-01	5,38	0,22	0,3	7,61	176,59	7,22	9,82
1890-02-01	5,32	0,22	0,3	7,61	174,62	7,22	9,79
1890-03-01	5,28	0,22	0,3	7,61	173,3	7,22	9,76
1890-04-01	5,39	0,22	0,3	7,61	176,91	7,22	9,74
1890-05-01	5,62	0,22	0,3	7,71	182,19	7,13	9,59
1890-06-01	5,58	0,22	0,29	7,71	180,89	7,13	9,56
1890-07-01	5,54	0,22	0,29	7,71	179,59	7,13	9,54
1890-08-01	5,41	0,22	0,29	7,99	169,12	6,88	9,17
1890-09-01	5,32	0,22	0,29	8,09	164,35	6,8	9,04
1890-10-01	5,08	0,22	0,29	8,09	156,93	6,8	9,01
1890-11-01	4,71	0,22	0,29	7,9	149,01	6,96	9,2
1890-12-01	4,6	0,22	0,29	7,9	145,53	6,96	9,17
1891-01-01	4,84	0,22	0,29	7,8	154,99	7,04	9,42
1891-02-01	4,9	0,22	0,3	7,9	155,02	6,96	9,44
1891-03-01	4,81	0,22	0,3	7,99	150,36	6,88	9,46
1891-04-01	4,97	0,22	0,31	8,09	153,53	6,8	9,47
1891-05-01	4,95	0,22	0,31	7,99	154,74	6,88	9,72
1891-06-01	4,85	0,22	0,32	7,8	155,31	7,04	10,09
1891-07-01	4,77	0,22	0,32	7,71	154,63	7,13	10,35
1891-08-01	4,93	0,22	0,32	7,71	159,82	7,13	10,48
1891-09-01	5,33	0,22	0,33	7,61	174,95	7,22	10,75
1891-10-01	5,33	0,22	0,33	7,61	174,95	7,22	10,89
1891-11-01	5,25	0,22	0,34	7,52	174,5	7,31	11,16
1891-12-01	5,41	0,22	0,34	7,52	179,82	7,31	11,3
1892-01-01	5,51	0,22	0,34	7,33	187,9	7,56	11,68
1892-02-01	5,52	0,22	0,34	7,33	188,24	7,61	11,77
1892-03-01	5,58	0,23	0,35	7,14	195,36	7,88	12,17
1892-04-01	5,57	0,23	0,35	7,04	197,65	8,04	12,42
1892-05-01	5,57	0,23	0,35	7,04	197,65	8,1	12,51
1892-06-01	5,54	0,23	0,35	7,04	196,58	8,16	12,6
1892-07-01	5,54	0,23	0,36	7,23	191,41	8,01	12,35
1892-08-01	5,62	0,23	0,36	7,33	191,65	7,96	12,28
1892-09-01	5,48	0,23	0,36	7,33	186,88	8,01	12,36
1892-10-01	5,59	0,24	0,36	7,33	190,63	8,07	12,45
1892-11-01	5,57	0,24	0,37	7,52	185,14	7,92	12,22
1892-12-01	5,51	0,24	0,37	7,61	180,85	7,88	12,14
1893-01-01	5,61	0,24	0,36	7,9	177,48	7,62	11,41
1893-02-01	5,51	0,24	0,35	7,99	172,24	7,56	10,99
1893-03-01	5,31	0,24	0,34	7,8	170,04	7,77	10,97
1893-04-01	5,31	0,24	0,33	7,71	172,14	7,89	10,8
1893-05-01	4,84	0,24	0,32	7,61	158,86	8,02	10,64
1893-06-01	4,61	0,24	0,32	7,42	155,19	8,25	10,6
1893-07-01	4,18	0,25	0,31	7,23	144,42	8,49	10,57
1893-08-01	4,08	0,25	0,3	6,95	146,76	8,87	10,67
1893-09-01	4,37	0,25	0,29	7,23	150,98	8,55	9,93
1893-10-01	4,5	0,25	0,28	7,33	153,46	8,47	9,49
1893-11-01	4,57	0,25	0,27	7,14	160	8,72	9,42
1893-12-01	4,41	0,25	0,26	7,04	156,48	8,87	9,23
1894-01-01	4,32	0,25	0,25	6,85	157,55	9	9,18
1894-02-01	4,38	0,24	0,24	6,76	161,99	9	9
1894-03-01	4,51	0,24	0,23	6,57	171,63	9,13	8,94
1894-04-01	4,57	0,24	0,23	6,57	173,91	9,01	8,63
1894-05-01	4,4	0,23	0,22	6,57	167,44	8,88	8,31
1894-06-01	4,34	0,23	0,21	6,57	165,16	8,75	7,99
1894-07-01	4,25	0,23	0,2	6,57	161,74	8,63	7,68
1894-08-01	4,41	0,22	0,19	6,76	163,1	8,26	7,15
1894-09-01	4,48	0,22	0,18	6,85	163,38	8,02	6,75
1894-10-01	4,34	0,22	0,18	6,66	162,8	8,13	6,63
1894-11-01	4,34	0,21	0,17	6,66	162,8	8	6,31
1894-12-01	4,3	0,21	0,16	6,57	163,64	7,99	6,09
1895-01-01	4,25	0,21	0,17	6,57	161,74	7,93	6,37
1895-02-01	4,19	0,21	0,17	6,57	159,45	7,87	6,66
1895-03-01	4,19	0,2	0,18	6,57	159,45	7,8	6,95
1895-04-01	4,37	0,2	0,19	6,85	159,37	7,41	6,93
1895-05-01	4,61	0,2	0,2	6,95	165,82	7,26	7,1
1895-06-01	4,7	0,2	0,2	7,04	166,78	7,1	7,27
1895-07-01	4,72	0,2	0,21	6,95	169,78	7,13	7,64
1895-08-01	4,79	0,2	0,22	6,85	174,69	7,17	8,02
1895-09-01	4,82	0,2	0,23	6,85	175,78	7,11	8,3
1895-10-01	4,75	0,19	0,23	6,85	173,23	7,05	8,57
1895-11-01	4,59	0,19	0,24	6,85	167,4	6,99	8,84
1895-12-01	4,32	0,19	0,25	6,76	159,77	7,03	9,25
1896-01-01	4,27	0,19	0,25	6,66	160,18	7,1	9,25
1896-02-01	4,45	0,19	0,24	6,57	169,35	7,17	9,26
1896-03-01	4,38	0,19	0,24	6,57	166,68	7,14	9,13
1896-04-01	4,42	0,19	0,24	6,47	170,68	7,21	9,14
1896-05-01	4,4	0,19	0,23	6,37	172,44	7,28	9,14
1896-06-01	4,32	0,18	0,23	6,28	171,87	7,36	9,15
1896-07-01	4,04	0,18	0,23	6,28	160,73	7,33	9,02
1896-08-01	3,81	0,18	0,22	6,28	151,58	7,29	8,88
1896-09-01	4,01	0,18	0,22	6,28	159,54	7,26	8,75
1896-10-01	4,1	0,18	0,22	6,47	158,32	7,02	8,37
1896-11-01	4,38	0,18	0,21	6,66	164,3	6,78	8
1896-12-01	4,22	0,18	0,21	6,66	158,3	6,75	7,88
1897-01-01	4,22	0,18	0,22	6,47	162,96	6,95	8,43
1897-02-01	4,18	0,18	0,23	6,47	161,41	6,95	8,75
1897-03-01	4,19	0,18	0,23	6,47	161,8	6,95	9,07
1897-04-01	4,06	0,18	0,24	6,37	159,12	7,05	9,54
1897-05-01	4,08	0,18	0,25	6,28	162,32	7,16	10,01
1897-06-01	4,27	0,18	0,26	6,28	169,88	7,16	10,34
1897-07-01	4,46	0,18	0,27	6,28	177,44	7,16	10,67
1897-08-01	4,75	0,18	0,28	6,57	180,76	6,85	10,53
1897-09-01	4,98	0,18	0,28	6,76	184,18	6,66	10,54
1897-10-01	4,82	0,18	0,29	6,66	180,81	6,75	11
1897-11-01	4,65	0,18	0,3	6,66	174,43	6,75	11,32
1897-12-01	4,75	0,18	0,31	6,66	178,18	6,75	11,63
1898-01-01	4,88	0,18	0,31	6,66	183,06	6,82	11,75
1898-02-01	4,87	0,18	0,32	6,76	180,11	6,78	11,71
1898-03-01	4,65	0,18	0,32	6,76	171,97	6,84	11,83
1898-04-01	4,57	0,19	0,32	6,76	169,01	6,9	11,96
1898-05-01	4,87	0,19	0,33	7,23	168,26	6,51	11,29
1898-06-01	5,06	0,19	0,33	6,76	187,14	7,03	12,2
1898-07-01	5,08	0,19	0,33	6,66	190,56	7,19	12,5
1898-08-01	5,27	0,19	0,34	6,66	197,69	7,25	12,63
1898-09-01	5,26	0,2	0,34	6,66	197,31	7,31	12,75
1898-10-01	5,15	0,2	0,34	6,66	193,19	7,38	12,88
1898-11-01	5,32	0,2	0,35	6,66	199,56	7,44	13,01
1898-12-01	5,65	0,2	0,35	6,76	208,96	7,4	12,94
1899-01-01	6,08	0,2	0,36	6,76	224,86	7,43	13,34
1899-02-01	6,31	0,2	0,37	6,95	226,97	7,26	13,37
1899-03-01	6,4	0,2	0,38	6,95	230,21	7,28	13,76
1899-04-01	6,48	0,2	0,39	7,04	229,94	7,21	13,96
1899-05-01	6,21	0,2	0,4	7,04	220,36	7,25	14,34
1899-06-01	6,07	0,2	0,41	7,14	212,52	7,18	14,53
1899-07-01	6,28	0,21	0,43	7,23	216,98	7,11	14,71
1899-08-01	6,44	0,21	0,44	7,33	219,61	7,05	14,89
1899-09-01	6,37	0,21	0,45	7,61	209,08	6,81	14,69
1899-10-01	6,34	0,21	0,46	7,71	205,53	6,75	14,86
1899-11-01	6,46	0,21	0,47	7,8	206,86	6,7	15,02
1899-12-01	6,02	0,21	0,48	7,9	190,45	6,64	15,19
01.01.1900	6,1	0,22	0,48	7,9	192,98	6,88	15,19
01.02.1900	6,21	0,23	0,48	7,99	194,12	7,03	15
01.03.1900	6,26	0,23	0,48	7,99	195,69	7,27	15
01.04.1900	6,34	0,24	0,48	7,99	198,19	7,5	15
01.05.1900	6,04	0,25	0,48	7,8	193,41	7,93	15,37
01.06.1900	5,86	0,26	0,48	7,71	189,97	8,27	15,56
01.07.1900	5,86	0,26	0,48	7,8	187,65	8,41	15,37
01.08.1900	5,94	0,27	0,48	7,71	192,56	8,75	15,56
01.09.1900	5,8	0,28	0,48	7,8	185,73	8,89	15,37
01.10.1900	6,01	0,28	0,48	7,71	194,83	9,24	15,56
01.11.1900	6,48	0,29	0,48	7,71	210,07	9,48	15,56
01.12.1900	6,87	0,3	0,48	7,61	225,49	9,85	15,75
01.01.1901	7,07	0,3	0,48	7,71	229,19	9,78	15,62
01.02.1901	7,25	0,3	0,48	7,61	237,97	9,96	15,86
01.03.1901	7,51	0,3	0,48	7,61	246,5	10,01	15,92
01.04.1901	8,14	0,31	0,49	7,52	270,56	10,19	16,18
01.05.1901	7,73	0,31	0,49	7,52	256,93	10,25	16,23
01.06.1901	8,5	0,31	0,49	7,52	282,53	10,3	16,29
01.07.1901	7,93	0,31	0,49	7,61	260,28	10,23	16,14
01.08.1901	8,04	0,31	0,49	7,71	260,64	10,16	15,99
01.09.1901	8	0,32	0,49	7,8	256,18	10,09	15,85
01.10.1901	7,91	0,32	0,5	7,8	253,3	10,14	15,91
01.11.1901	8,08	0,32	0,5	7,9	255,62	10,07	15,76
01.12.1901	7,95	0,32	0,5	7,99	248,52	10	15,63
01.01.1902	8,12	0,32	0,51	7,9	256,89	10,15	16,16
01.02.1902	8,19	0,32	0,52	7,9	259,1	10,18	16,5
01.03.1902	8,2	0,32	0,53	7,9	259,42	10,2	16,85
01.04.1902	8,48	0,32	0,54	7,99	265,08	10,11	16,98
01.05.1902	8,46	0,32	0,55	8,09	261,35	10,02	17,12
01.06.1902	8,41	0,33	0,56	8,18	256,78	9,92	17,25
01.07.1902	8,6	0,33	0,58	8,18	262,58	9,95	17,58
01.08.1902	8,83	0,33	0,59	8,09	272,78	10,09	18,12
01.09.1902	8,85	0,33	0,6	8,18	270,22	10	18,24
01.10.1902	8,57	0,33	0,61	8,75	244,6	9,37	17,36
01.11.1902	8,24	0,33	0,62	8,47	243,11	9,71	18,27
01.12.1902	8,05	0,33	0,63	8,56	234,87	9,63	18,38
01.01.1903	8,46	0,33	0,62	8,66	244,11	9,57	17,94
01.02.1903	8,41	0,33	0,61	8,66	242,67	9,62	17,7
01.03.1903	8,08	0,34	0,6	8,37	241,1	10	18,05
01.04.1903	7,75	0,34	0,6	8,37	231,25	10,05	17,8
01.05.1903	7,6	0,34	0,59	8,18	232,05	10,33	17,96
01.06.1903	7,18	0,34	0,58	8,18	219,23	10,38	17,71
01.07.1903	6,85	0,34	0,57	8,18	209,15	10,43	17,46
01.08.1903	6,63	0,34	0,56	8,18	202,43	10,48	17,2
01.09.1903	6,47	0,34	0,56	8,28	195,28	10,41	16,75
01.10.1903	6,26	0,35	0,55	8,18	191,14	10,59	16,69
01.11.1903	6,28	0,35	0,54	8,09	194	10,76	16,63
01.12.1903	6,57	0,35	0,53	8,09	202,96	10,81	16,37
01.01.1904	6,68	0,35	0,53	8,28	201,61	10,46	15,9
01.02.1904	6,5	0,34	0,52	8,47	191,77	10,13	15,44
01.03.1904	6,48	0,34	0,52	8,37	193,36	10,15	15,52
01.04.1904	6,64	0,34	0,52	8,28	200,41	10,16	15,59
01.05.1904	6,5	0,33	0,51	8,09	200,8	10,3	15,86
01.06.1904	6,51	0,33	0,51	8,09	201,11	10,19	15,75
01.07.1904	6,78	0,33	0,51	8,09	209,45	10,09	15,65
01.08.1904	7,01	0,32	0,5	8,18	214,04	9,87	15,37
01.09.1904	7,32	0,32	0,5	8,28	220,93	9,66	15,09
01.10.1904	7,75	0,32	0,5	8,28	233,91	9,56	14,99
01.11.1904	8,17	0,31	0,49	8,47	241,05	9,24	14,55
01.12.1904	8,25	0,31	0,49	8,47	243,41	9,15	14,46
01.01.1905	8,43	0,31	0,51	8,47	248,72	9,2	14,9
01.02.1905	8,8	0,31	0,52	8,47	259,63	9,24	15,34
01.03.1905	9,05	0,32	0,54	8,37	270,04	9,4	15,96
01.04.1905	8,94	0,32	0,55	8,37	266,76	9,45	16,41
01.05.1905	8,5	0,32	0,56	8,28	256,55	9,61	17,05
01.06.1905	8,6	0,32	0,58	8,28	259,56	9,66	17,51
01.07.1905	8,87	0,32	0,59	8,28	267,71	9,71	17,96
01.08.1905	9,2	0,32	0,61	8,37	274,52	9,65	18,2
01.09.1905	9,23	0,33	0,63	8,28	278,58	9,81	18,86
01.10.1905	9,36	0,33	0,64	8,28	282,5	9,86	19,32
01.11.1905	9,31	0,33	0,66	8,37	277,8	9,8	19,54
01.12.1905	9,54	0,33	0,67	8,47	281,47	9,74	19,77
01.01.1906	9,87	0,34	0,68	8,47	291,2	9,91	19,99
01.02.1906	9,8	0,34	0,69	8,47	289,14	10,08	20,21
01.03.1906	9,56	0,35	0,69	8,47	282,06	10,25	20,43
01.04.1906	9,43	0,35	0,7	8,47	278,22	10,42	20,65
01.05.1906	9,18	0,36	0,71	8,56	267,83	10,48	20,64
01.06.1906	9,3	0,36	0,71	8,56	271,34	10,65	20,86
01.07.1906	9,06	0,37	0,72	8,28	273,45	11,19	21,81
01.08.1906	9,73	0,38	0,73	8,47	287,07	11,11	21,54
01.09.1906	10,03	0,38	0,74	8,56	292,63	11,16	21,52
01.10.1906	9,73	0,39	0,74	8,75	277,71	11,08	21,26
01.11.1906	9,93	0,39	0,75	8,85	280,37	11,13	21,25
01.12.1906	9,84	0,4	0,76	8,94	274,87	11,17	21,23
01.01.1907	9,56	0,4	0,75	8,85	269,92	11,39	21,22
01.02.1907	9,26	0,41	0,74	9,04	255,95	11,24	20,54
01.03.1907	8,35	0,41	0,73	8,94	233,25	11,45	20,53
01.04.1907	8,39	0,41	0,73	8,94	234,37	11,55	20,3
01.05.1907	8,1	0,42	0,72	9,13	221,55	11,4	19,65
01.06.1907	7,84	0,42	0,71	9,23	212,23	11,37	19,22
01.07.1907	8,14	0,42	0,7	9,23	220,35	11,46	19
01.08.1907	7,53	0,43	0,69	9,23	203,84	11,55	18,77
01.09.1907	7,45	0,43	0,69	9,23	201,67	11,64	18,54
01.10.1907	6,64	0,43	0,68	9,32	177,91	11,61	18,13
01.11.1907	6,25	0,44	0,67	8,94	174,59	12,2	18,67
01.12.1907	6,57	0,44	0,66	8,75	187,52	12,56	18,84
01.01.1908	6,85	0,44	0,65	8,66	197,66	12,6	18,85
01.02.1908	6,6	0,43	0,65	8,56	192,56	12,64	18,87
01.03.1908	6,87	0,43	0,64	8,56	200,44	12,55	18,67
01.04.1908	7,24	0,43	0,63	8,66	208,91	12,31	18,27
01.05.1908	7,63	0,42	0,63	8,66	220,16	12,21	18,08
01.06.1908	7,64	0,42	0,62	8,66	220,45	12,12	17,89
01.07.1908	7,92	0,42	0,61	8,75	226,05	11,89	17,5
01.08.1908	8,26	0,41	0,61	8,75	235,75	11,8	17,32
01.09.1908	8,17	0,41	0,6	8,75	233,18	11,7	17,12
01.10.1908	8,27	0,41	0,59	8,85	233,5	11,48	16,75
01.11.1908	8,83	0,4	0,59	8,94	246,66	11,27	16,39
01.12.1908	9,03	0,4	0,58	9,04	249,59	11,06	16,03
01.01.1909	9,06	0,4	0,59	8,94	253,08	11,27	16,62
01.02.1909	8,8	0,41	0,61	9,04	243,23	11,24	16,86
01.03.1909	8,92	0,41	0,63	9,04	246,55	11,33	17,28
01.04.1909	9,32	0,41	0,64	9,23	252,3	11,19	17,33
01.05.1909	9,63	0,42	0,66	9,32	258,03	11,17	17,55
01.06.1909	9,8	0,42	0,67	9,42	259,93	11,14	17,77
01.07.1909	9,94	0,42	0,69	9,42	263,64	11,23	18,17
01.08.1909	10,18	0,43	0,7	9,51	267,31	11,2	18,38
01.09.1909	10,19	0,43	0,71	9,61	264,92	11,18	18,59
01.10.1909	10,23	0,43	0,73	9,8	260,8	11,05	18,61
01.11.1909	10,18	0,44	0,74	9,9	257,03	11,03	18,81
01.12.1909	10,3	0,44	0,76	9,99	257,58	11	19,01
01.01.1910	10,08	0,44	0,76	9,9	254,5	11,17	19,13
01.02.1910	9,72	0,45	0,76	9,9	245,41	11,24	19,06
01.03.1910	9,96	0,45	0,75	10,09	246,73	11,09	18,64
01.04.1910	9,72	0,45	0,75	10,18	238,53	11,04	18,41
01.05.1910	9,56	0,45	0,75	9,99	239,07	11,32	18,69
01.06.1910	9,1	0,46	0,74	9,9	229,76	11,49	18,81
01.07.1910	8,64	0,46	0,74	9,9	218,14	11,55	18,75
01.08.1910	8,85	0,46	0,74	9,8	225,62	11,73	18,87
01.09.1910	8,91	0,46	0,74	9,7	229,37	11,91	18,99
01.10.1910	9,32	0,47	0,73	9,42	247,2	12,33	19,49
01.11.1910	9,31	0,47	0,73	9,23	252,03	12,66	19,83
01.12.1910	9,05	0,47	0,73	9,23	244,99	12,72	19,76
01.01.1911	9,27	0,47	0,72	9,23	250,94	12,72	19,44
01.02.1911	9,43	0,47	0,71	8,94	263,42	13,13	19,74
01.03.1911	9,32	0,47	0,69	9,04	257,61	12,99	19,21
01.04.1911	9,28	0,47	0,68	8,75	264,86	13,41	19,5
01.05.1911	9,48	0,47	0,67	8,75	270,57	13,41	19,17
01.06.1911	9,67	0,47	0,66	8,75	276	13,41	18,84
01.07.1911	9,63	0,47	0,65	8,85	271,9	13,27	18,3
01.08.1911	9,17	0,47	0,64	9,13	250,82	12,86	17,42
01.09.1911	8,67	0,47	0,63	9,23	234,7	12,72	16,92
01.10.1911	8,72	0,47	0,61	9,23	236,05	12,72	16,6
01.11.1911	9,07	0,47	0,6	9,13	248,08	12,86	16,46
01.12.1911	9,11	0,47	0,59	9,04	251,8	12,99	16,31
01.01.1912	9,12	0,47	0,6	9,13	249,45	12,88	16,39
01.02.1912	9,04	0,47	0,61	9,23	244,72	12,77	16,47
01.03.1912	9,3	0,47	0,62	9,42	246,67	12,53	16,38
01.04.1912	9,59	0,47	0,63	9,7	246,88	12,18	16,13
01.05.1912	9,58	0,47	0,64	9,7	246,62	12,21	16,37
01.06.1912	9,58	0,47	0,65	9,61	249,06	12,35	16,77
01.07.1912	9,59	0,48	0,65	9,61	249,32	12,37	17,01
01.08.1912	9,81	0,48	0,66	9,7	252,54	12,27	17,08
01.09.1912	9,86	0,48	0,67	9,8	251,37	12,17	17,14
01.10.1912	9,84	0,48	0,68	9,8	250,86	12,19	17,38
01.11.1912	9,73	0,48	0,69	9,8	248,05	12,22	17,61
01.12.1912	9,38	0,48	0,7	9,7	241,47	12,36	18,02
01.01.1913	9,3	0,48	0,69	9,8	237,09	12,24	17,7
01.02.1913	8,97	0,48	0,69	9,8	228,68	12,24	17,55
01.03.1913	8,8	0,48	0,68	9,8	224,34	12,24	17,4
01.04.1913	8,79	0,48	0,68	9,8	224,09	12,24	17,25
01.05.1913	8,55	0,48	0,67	9,7	220,22	12,36	17,28
01.06.1913	8,12	0,48	0,67	9,8	207,01	12,24	16,95
01.07.1913	8,23	0,48	0,66	9,9	207,69	12,11	16,64
01.08.1913	8,45	0,48	0,65	9,9	213,24	12,11	16,49
01.09.1913	8,53	0,48	0,65	10	213,11	11,99	16,18
01.10.1913	8,26	0,48	0,64	10	206,36	11,99	16,03
01.11.1913	8,05	0,48	0,64	10,1	199,13	11,87	15,73
01.12.1913	8,04	0,48	0,63	10	200,87	11,99	15,74
01.01.1914	8,37	0,47	0,62	10	209,11	11,87	15,51
01.02.1914	8,48	0,47	0,61	9,9	214	11,86	15,44
01.03.1914	8,32	0,47	0,6	9,9	209,96	11,73	15,2
01.04.1914	8,12	0,46	0,59	9,8	207,01	11,73	15,13
01.05.1914	8,17	0,46	0,58	9,9	206,18	11,48	14,74
01.06.1914	8,13	0,45	0,57	9,9	205,17	11,36	14,51
01.07.1914	7,68	0,45	0,57	10	191,87	11,12	14,14
01.08.1914	7,68	0,44	0,56	10,2	188,11	10,78	13,64
01.09.1914	7,68	0,43	0,55	10,2	188,11	10,65	13,41
01.10.1914	7,68	0,43	0,54	10,1	189,97	10,64	13,32
01.11.1914	7,68	0,42	0,53	10,2	188,11	10,41	12,96
01.12.1914	7,35	0,42	0,52	10,1	181,81	10,39	12,86
01.01.1915	7,48	0,42	0,55	10,1	185,03	10,41	13,6
01.02.1915	7,38	0,42	0,58	10	184,38	10,54	14,49
01.03.1915	7,57	0,42	0,61	9,9	191,04	10,66	15,39
01.04.1915	8,14	0,42	0,64	10	203,37	10,58	15,99
01.05.1915	7,95	0,42	0,67	10,1	196,65	10,49	16,57
01.06.1915	8,04	0,42	0,7	10,1	198,88	10,51	17,32
01.07.1915	8,01	0,43	0,73	10,1	198,14	10,53	18,06
01.08.1915	8,35	0,43	0,76	10,1	206,55	10,55	18,8
01.09.1915	8,66	0,43	0,79	10,1	214,22	10,57	19,54
01.10.1915	9,14	0,43	0,82	10,2	223,87	10,49	20,08
01.11.1915	9,46	0,43	0,85	10,3	229,46	10,41	20,62
01.12.1915	9,48	0,43	0,88	10,3	229,95	10,43	21,35
01.01.1916	9,33	0,44	0,93	10,4	224,13	10,59	22,44
01.02.1916	9,2	0,45	0,99	10,4	221,01	10,85	23,74
01.03.1916	9,17	0,46	1,04	10,5	218,19	11	24,79
01.04.1916	9,07	0,47	1,1	10,6	213,77	11,16	25,86
01.05.1916	9,27	0,48	1,15	10,7	216,45	11,31	26,87
01.06.1916	9,36	0,49	1,21	10,8	216,52	11,45	27,88
01.07.1916	9,23	0,51	1,26	10,8	213,52	11,7	29,12
01.08.1916	9,3	0,52	1,31	10,9	213,16	11,84	30,09
01.09.1916	9,68	0,53	1,37	11,1	217,87	11,87	30,79
01.10.1916	9,98	0,54	1,42	11,3	220,65	11,9	31,44
01.11.1916	10,21	0,55	1,48	11,5	221,81	11,93	32,07
01.12.1916	9,8	0,56	1,53	11,6	211,07	12,06	32,95
01.01.1917	9,57	0,57	1,51	11,7	204,35	12,19	32,22
01.02.1917	9,03	0,58	1,49	12	188	12,11	30,98
01.03.1917	9,31	0,59	1,47	12	193,83	12,34	30,56
01.04.1917	9,17	0,6	1,45	12,6	181,82	11,96	28,69
01.05.1917	8,86	0,61	1,43	12,8	172,93	11,99	27,83
01.06.1917	9,04	0,63	1,41	13	173,73	12,01	27
01.07.1917	8,79	0,64	1,38	12,8	171,57	12,41	27,01
01.08.1917	8,53	0,65	1,36	13	163,93	12,43	26,19
01.09.1917	8,12	0,66	1,34	13,3	152,53	12,35	25,23
01.10.1917	7,68	0,67	1,32	13,5	142,13	12,37	24,47
01.11.1917	7,04	0,68	1,3	13,5	130,28	12,57	24,08
01.12.1917	6,8	0,69	1,28	13,7	124,01	12,58	23,34
01.01.1918	7,21	0,68	1,26	14	128,67	12,13	22,41
01.02.1918	7,43	0,67	1,23	14,1	131,65	11,87	21,83
01.03.1918	7,28	0,66	1,21	14	129,91	11,78	21,56
01.04.1918	7,21	0,65	1,18	14,2	126,85	11,44	20,81
01.05.1918	7,44	0,64	1,16	14,5	128,19	11,03	19,97
01.06.1918	7,45	0,63	1,14	14,7	126,62	10,71	19,29
01.07.1918	7,51	0,62	1,11	15,1	124,26	10,26	18,38
01.08.1918	7,58	0,61	1,09	15,4	122,97	9,9	17,63
01.09.1918	7,54	0,6	1,06	15,7	119,98	9,55	16,92
01.10.1918	7,86	0,59	1,04	16	122,73	9,21	16,21
01.11.1918	8,06	0,58	1,01	16,3	123,54	8,89	15,54
01.12.1918	7,9	0,57	0,99	16,5	119,62	8,63	14,99
01.01.1919	7,85	0,57	0,98	16,5	118,86	8,58	14,91
01.02.1919	7,88	0,56	0,98	16,2	121,52	8,69	15,11
01.03.1919	8,12	0,56	0,97	16,4	123,7	8,53	14,85
01.04.1919	8,39	0,56	0,97	16,7	125,52	8,33	14,51
01.05.1919	8,97	0,55	0,96	16,9	132,6	8,18	14,27
01.06.1919	9,21	0,55	0,96	16,9	136,15	8,13	14,19
01.07.1919	9,51	0,55	0,95	17,4	136,55	7,85	13,71
01.08.1919	8,87	0,54	0,95	17,7	125,2	7,67	13,41
01.09.1919	9,01	0,54	0,94	17,8	126,46	7,58	13,26
01.10.1919	9,47	0,54	0,94	18,1	130,72	7,41	12,97
01.11.1919	9,19	0,53	0,94	18,5	124,11	7,2	12,63
01.12.1919	8,92	0,53	0,93	18,9	117,91	7,01	12,29
01.01.1920	8,83	0,53	0,92	19,3	114,3	6,84	11,9
01.02.1920	8,1	0,53	0,91	19,5	103,78	6,75	11,64
01.03.1920	8,67	0,53	0,9	19,7	109,95	6,66	11,38
01.04.1920	8,6	0,52	0,89	20,3	105,84	6,44	10,91
01.05.1920	8,06	0,52	0,88	20,6	97,75	6,33	10,62
01.06.1920	7,92	0,52	0,86	20,9	94,67	6,22	10,34
01.07.1920	7,91	0,52	0,85	20,8	95,01	6,23	10,26
01.08.1920	7,6	0,52	0,84	20,3	93,53	6,36	10,38
01.09.1920	7,87	0,52	0,83	20	98,31	6,43	10,4
01.10.1920	7,88	0,51	0,82	19,9	98,93	6,44	10,32
01.11.1920	7,48	0,51	0,81	19,8	94,38	6,46	10,23
01.12.1920	6,81	0,51	0,8	19,4	87,7	6,57	10,3
01.01.1921	7,11	0,51	0,76	19	93,49	6,65	9,96
01.02.1921	7,06	0,5	0,71	18,4	95,86	6,81	9,71
01.03.1921	6,88	0,5	0,67	18,3	93,93	6,79	9,18
01.04.1921	6,91	0,49	0,63	18,1	95,38	6,81	8,7
01.05.1921	7,12	0,49	0,59	17,7	100,5	6,91	8,29
01.06.1921	6,55	0,48	0,55	17,6	92,98	6,88	7,74
01.07.1921	6,53	0,48	0,5	17,7	92,17	6,79	7,09
01.08.1921	6,45	0,48	0,46	17,7	91,04	6,73	6,49
01.09.1921	6,61	0,47	0,42	17,5	94,37	6,75	5,96
01.10.1921	6,7	0,47	0,38	17,5	95,65	6,69	5,35
01.11.1921	7,06	0,46	0,33	17,4	101,37	6,67	4,77
01.12.1921	7,31	0,46	0,29	17,3	105,57	6,64	4,19
01.01.1922	7,3	0,46	0,32	16,9	107,92	6,86	4,78
01.02.1922	7,46	0,47	0,36	16,9	110,28	6,92	5,27
01.03.1922	7,74	0,47	0,39	16,7	115,79	7,07	5,83
01.04.1922	8,21	0,48	0,42	16,7	122,82	7,13	6,33
01.05.1922	8,53	0,48	0,46	16,7	127,61	7,19	6,83
01.06.1922	8,45	0,48	0,49	16,7	126,41	7,26	7,33
01.07.1922	8,51	0,49	0,52	16,8	126,55	7,27	7,78
01.08.1922	8,83	0,49	0,56	16,6	132,89	7,42	8,38
01.09.1922	9,06	0,5	0,59	16,6	136,36	7,49	8,88
01.10.1922	9,26	0,5	0,62	16,7	138,53	7,51	9,32
01.11.1922	8,8	0,51	0,66	16,8	130,87	7,52	9,77
01.12.1922	8,78	0,51	0,69	16,9	129,8	7,54	10,2
01.01.1923	8,9	0,51	0,71	16,8	132,35	7,61	10,62
01.02.1923	9,28	0,51	0,74	16,8	138	7,63	10,98
01.03.1923	9,43	0,52	0,76	16,8	140,24	7,66	11,34
01.04.1923	9,1	0,52	0,79	16,9	134,53	7,64	11,63
01.05.1923	8,67	0,52	0,81	16,9	128,17	7,66	11,99
01.06.1923	8,34	0,52	0,83	17	122,57	7,64	12,27
01.07.1923	8,06	0,52	0,86	17,2	117,07	7,58	12,48
01.08.1923	8,1	0,52	0,88	17,1	118,34	7,65	12,91
01.09.1923	8,15	0,53	0,91	17,2	118,38	7,63	13,18
01.10.1923	8,03	0,53	0,93	17,3	115,96	7,61	13,46
01.11.1923	8,27	0,53	0,96	17,3	119,43	7,63	13,8
01.12.1923	8,55	0,53	0,98	17,3	123,47	7,65	14,15
01.01.1924	8,83	0,53	0,98	17,3	127,52	7,68	14,09
01.02.1924	8,87	0,53	0,97	17,2	128,84	7,75	14,11
01.03.1924	8,7	0,54	0,97	17,1	127,11	7,82	14,14
01.04.1924	8,5	0,54	0,96	17	124,92	7,89	14,16
01.05.1924	8,47	0,54	0,96	17	124,48	7,91	14,1
01.06.1924	8,63	0,54	0,95	17	126,83	7,94	14,03
01.07.1924	9,03	0,54	0,95	17,1	131,93	7,91	13,89
01.08.1924	9,34	0,54	0,95	17	137,26	7,98	13,91
01.09.1924	9,25	0,55	0,94	17,1	135,14	7,96	13,77
01.10.1924	9,13	0,55	0,94	17,2	132,62	7,94	13,63
01.11.1924	9,64	0,55	0,93	17,2	140,02	7,96	13,57
01.12.1924	10,16	0,55	0,93	17,3	146,72	7,94	13,43
01.01.1925	10,58	0,55	0,96	17,3	152,79	8	13,82
01.02.1925	10,67	0,56	0,98	17,2	154,99	8,11	14,28
01.03.1925	10,39	0,56	1,01	17,3	150,05	8,12	14,59
01.04.1925	10,28	0,57	1,04	17,2	149,32	8,23	15,06
01.05.1925	10,61	0,57	1,06	17,3	153,22	8,24	15,35
01.06.1925	10,8	0,57	1,09	17,5	154,18	8,21	15,56
01.07.1925	11,1	0,58	1,12	17,7	156,68	8,18	15,77
01.08.1925	11,25	0,58	1,14	17,7	158,79	8,23	16,13
01.09.1925	11,51	0,59	1,17	17,7	162,46	8,29	16,51
01.10.1925	11,89	0,59	1,2	17,7	167,83	8,35	16,9
01.11.1925	12,26	0,6	1,22	18	170,17	8,27	16,97
01.12.1925	12,46	0,6	1,25	17,9	173,91	8,37	17,45
01.01.1926	12,65	0,61	1,25	17,9	176,56	8,48	17,43
01.02.1926	12,67	0,61	1,25	17,9	176,84	8,58	17,42
01.03.1926	11,81	0,62	1,25	17,8	165,76	8,74	17,52
01.04.1926	11,48	0,63	1,25	17,9	160,23	8,79	17,4
01.05.1926	11,56	0,64	1,25	17,8	162,25	8,95	17,49
01.06.1926	12,11	0,65	1,25	17,7	170,93	9,1	17,57
01.07.1926	12,62	0,65	1,24	17,5	180,17	9,32	17,76
01.08.1926	13,12	0,66	1,24	17,4	188,38	9,48	17,85
01.09.1926	13,32	0,67	1,24	17,5	190,16	9,53	17,73
01.10.1926	13,02	0,68	1,24	17,6	184,82	9,58	17,63
01.11.1926	13,19	0,68	1,24	17,7	186,18	9,63	17,52
01.12.1926	13,49	0,69	1,24	17,7	190,41	9,74	17,5
01.01.1927	13,4	0,7	1,23	17,5	191,3	9,95	17,55
01.02.1927	13,66	0,7	1,22	17,4	196,14	10,1	17,49
01.03.1927	13,87	0,71	1,21	17,3	200,3	10,25	17,45
01.04.1927	14,21	0,72	1,2	17,3	205,21	10,35	17,29
01.05.1927	14,7	0,72	1,19	17,4	211,07	10,39	17,03
01.06.1927	14,89	0,73	1,18	17,6	211,37	10,36	16,68
01.07.1927	15,22	0,74	1,16	17,3	219,8	10,64	16,81
01.08.1927	16,03	0,74	1,15	17,2	232,84	10,8	16,75
01.09.1927	16,94	0,75	1,14	17,3	244,64	10,83	16,51
01.10.1927	16,68	0,76	1,13	17,4	239,5	10,86	16,25
01.11.1927	17,06	0,76	1,12	17,3	246,37	11,02	16,19
01.12.1927	17,46	0,77	1,11	17,3	252,15	11,12	16,03
01.01.1928	17,53	0,78	1,13	17,3	253,16	11,22	16,36
01.02.1928	17,32	0,78	1,16	17,1	253,05	11,44	16,87
01.03.1928	18,25	0,79	1,18	17,1	266,64	11,54	17,2
01.04.1928	19,4	0,8	1,2	17,1	283,44	11,64	17,53
01.05.1928	20	0,8	1,22	17,2	290,51	11,67	17,75
01.06.1928	19,02	0,81	1,25	17,1	277,89	11,83	18,19
01.07.1928	19,16	0,82	1,27	17,1	279,93	11,93	18,53
01.08.1928	19,78	0,82	1,29	17,1	288,99	12,03	18,85
01.09.1928	21,17	0,83	1,31	17,3	305,72	11,99	18,95
01.10.1928	21,6	0,84	1,33	17,2	313,75	12,15	19,39
01.11.1928	23,06	0,84	1,36	17,2	334,95	12,25	19,71
01.12.1928	23,15	0,85	1,38	17,1	338,23	12,42	20,16
01.01.1929	24,86	0,86	1,4	17,1	363,21	12,56	20,44
01.02.1929	24,99	0,87	1,42	17,1	365,11	12,71	20,72
01.03.1929	25,43	0,88	1,44	17	373,72	12,93	21,13
01.04.1929	25,28	0,89	1,46	16,9	373,72	13,16	21,54
01.05.1929	25,66	0,9	1,48	17	377,1	13,23	21,69
01.06.1929	26,15	0,91	1,5	17,1	382,06	13,3	21,84
01.07.1929	28,48	0,92	1,51	17,3	411,29	13,29	21,86
01.08.1929	30,1	0,93	1,53	17,3	434,68	13,43	22,14
01.09.1929	31,3	0,94	1,55	17,3	452,01	13,57	22,41
01.10.1929	27,99	0,95	1,57	17,3	404,21	13,72	22,7
01.11.1929	20,58	0,96	1,59	17,3	297,2	13,86	22,98
01.12.1929	21,4	0,97	1,61	17,2	310,84	14,09	23,39
01.01.1930	21,71	0,97	1,56	17,1	317,19	14,18	22,75
01.02.1930	23,07	0,97	1,5	17	339,04	14,28	22,09
01.03.1930	23,94	0,97	1,45	16,9	353,91	14,38	21,44
01.04.1930	25,46	0,97	1,4	17	374,17	14,3	20,53
01.05.1930	23,94	0,97	1,34	16,9	353,91	14,4	19,85
01.06.1930	21,52	0,97	1,29	16,8	320,03	14,5	19,18
01.07.1930	21,06	0,98	1,24	16,6	316,96	14,69	18,62
01.08.1930	20,79	0,98	1,18	16,5	314,79	14,79	17,91
01.09.1930	20,78	0,98	1,13	16,6	312,75	14,71	17,01
01.10.1930	17,92	0,98	1,08	16,5	271,34	14,81	16,31
01.11.1930	16,62	0,98	1,02	16,4	253,19	14,92	15,58
01.12.1930	15,51	0,98	0,97	16,1	240,68	15,21	15,05
01.01.1931	15,98	0,97	0,94	15,9	251,09	15,19	14,77
01.02.1931	17,2	0,95	0,91	15,7	273,71	15,17	14,48
01.03.1931	17,53	0,94	0,88	15,6	280,74	15,05	14,09
01.04.1931	15,86	0,93	0,85	15,5	255,64	14,94	13,7
01.05.1931	14,33	0,91	0,82	15,3	234	14,91	13,39
01.06.1931	13,87	0,9	0,79	15,1	229,48	14,89	13,07
01.07.1931	14,33	0,89	0,76	15,1	237,1	14,67	12,57
01.08.1931	13,9	0,87	0,73	15,1	229,98	14,45	12,08
01.09.1931	11,83	0,86	0,7	15	197,04	14,32	11,66
01.10.1931	10,25	0,85	0,67	14,9	171,87	14,2	11,23
01.11.1931	10,39	0,83	0,64	14,7	176,58	14,16	10,88
01.12.1931	8,44	0,82	0,61	14,6	144,43	14,03	10,44
01.01.1932	8,3	0,79	0,59	14,3	145,01	13,86	10,37
01.02.1932	8,23	0,77	0,58	14,1	145,83	13,59	10,22
01.03.1932	8,26	0,74	0,56	14	147,4	13,21	9,99
01.04.1932	6,28	0,71	0,54	13,9	112,88	12,82	9,77
01.05.1932	5,51	0,69	0,53	13,7	100,48	12,52	9,6
01.06.1932	4,77	0,66	0,51	13,6	87,63	12,12	9,37
01.07.1932	5,01	0,63	0,49	13,6	92,03	11,63	9,06
01.08.1932	7,53	0,61	0,48	13,5	139,35	11,23	8,82
01.09.1932	8,26	0,58	0,46	13,4	154	10,81	8,58
01.10.1932	7,12	0,55	0,44	13,3	133,75	10,39	8,33
01.11.1932	7,05	0,53	0,43	13,2	133,43	9,97	8,08
01.12.1932	6,82	0,5	0,41	13,1	130,07	9,54	7,82
01.01.1933	7,09	0,49	0,41	12,9	137,31	9,59	7,99
01.02.1933	6,25	0,49	0,41	12,7	122,95	9,64	8,16
01.03.1933	6,23	0,48	0,42	12,6	123,53	9,62	8,28
01.04.1933	6,89	0,48	0,42	12,6	136,62	9,52	8,33
01.05.1933	8,87	0,47	0,42	12,6	175,88	9,42	8,38
01.06.1933	10,39	0,47	0,42	12,7	204,39	9,25	8,36
01.07.1933	11,23	0,47	0,43	13,1	214,17	8,87	8,15
01.08.1933	10,67	0,46	0,43	13,2	201,95	8,71	8,14
01.09.1933	10,58	0,46	0,43	13,2	200,25	8,61	8,19
01.10.1933	9,55	0,45	0,43	13,2	180,75	8,52	8,23
01.11.1933	9,78	0,45	0,44	13,2	185,11	8,42	8,28
01.12.1933	9,97	0,44	0,44	13,2	188,7	8,33	8,33
01.01.1934	10,54	0,44	0,44	13,2	199,49	8,34	8,41
01.02.1934	11,32	0,44	0,45	13,3	212,64	8,3	8,42
01.03.1934	10,74	0,44	0,45	13,3	201,75	8,31	8,5
01.04.1934	10,92	0,44	0,46	13,3	205,13	8,33	8,58
01.05.1934	9,81	0,44	0,46	13,3	184,28	8,34	8,66
01.06.1934	9,94	0,45	0,47	13,4	185,33	8,3	8,67
01.07.1934	9,47	0,45	0,47	13,4	176,56	8,31	8,75
01.08.1934	9,1	0,45	0,47	13,4	169,66	8,33	8,82
01.09.1934	8,88	0,45	0,48	13,6	163,13	8,22	8,77
01.10.1934	8,95	0,45	0,48	13,5	165,63	8,3	8,91
01.11.1934	9,2	0,45	0,49	13,5	170,26	8,31	8,99
01.12.1934	9,26	0,45	0,49	13,4	172,65	8,39	9,14
01.01.1935	9,26	0,45	0,57	13,6	170,11	8,27	10,47
01.02.1935	8,98	0,45	0,65	13,7	163,76	8,21	11,85
01.03.1935	8,41	0,45	0,73	13,7	153,37	8,21	13,31
01.04.1935	9,04	0,45	0,76	13,8	163,66	8,09	13,7
01.05.1935	9,75	0,44	0,78	13,8	176,51	8,03	14,18
01.06.1935	10,12	0,44	0,81	13,7	184,55	8,02	14,77
01.07.1935	10,65	0,44	0,79	13,7	194,22	8,02	14,47
01.08.1935	11,37	0,44	0,78	13,7	207,35	8,02	14,16
01.09.1935	11,61	0,44	0,76	13,7	211,72	8,02	13,86
01.10.1935	11,92	0,45	0,76	13,7	217,38	8,21	13,86
01.11.1935	13,04	0,46	0,76	13,8	236,08	8,33	13,76
01.12.1935	13,04	0,47	0,76	13,8	236,08	8,51	13,76
01.01.1936	13,76	0,48	0,77	13,8	249,11	8,69	13,94
01.02.1936	14,55	0,49	0,78	13,8	263,41	8,87	14,12
01.03.1936	14,86	0,5	0,79	13,7	270,99	9,12	14,41
01.04.1936	14,88	0,52	0,82	13,7	271,35	9,42	14,95
01.05.1936	14,09	0,53	0,85	13,7	256,95	9,73	15,5
01.06.1936	14,69	0,55	0,88	13,8	265,95	9,96	15,93
01.07.1936	15,56	0,57	0,9	13,9	279,67	10,25	16,18
01.08.1936	15,87	0,59	0,92	14	283,21	10,53	16,42
01.09.1936	16,05	0,61	0,94	14	286,42	10,89	16,77
01.10.1936	16,89	0,65	0,97	14	301,41	11,54	17,25
01.11.1936	17,36	0,68	0,99	14	309,8	12,19	17,73
01.12.1936	17,06	0,72	1,02	14	304,44	12,85	18,2
01.01.1937	17,59	0,73	1,05	14,1	311,67	12,93	18,6
01.02.1937	18,11	0,74	1,08	14,1	320,89	13,11	19,14
01.03.1937	18,09	0,75	1,11	14,2	318,28	13,2	19,53
01.04.1937	17,01	0,78	1,13	14,3	297,18	13,63	19,74
01.05.1937	16,25	0,81	1,15	14,4	281,93	14,05	19,95
01.06.1937	15,64	0,84	1,17	14,4	271,35	14,57	20,3
01.07.1937	16,57	0,82	1,19	14,5	285,5	14,07	20,45
01.08.1937	16,74	0,79	1,2	14,5	288,43	13,67	20,73
01.09.1937	14,37	0,77	1,22	14,6	245,9	13,18	20,88
01.10.1937	12,28	0,78	1,19	14,6	210,14	13,35	20,36
01.11.1937	11,2	0,79	1,16	14,5	192,98	13,61	19,99
01.12.1937	11,02	0,8	1,13	14,4	191,19	13,88	19,61
01.01.1938	11,31	0,79	1,08	14,2	198,99	13,96	18,94
01.02.1938	11,04	0,79	1,02	14,1	195,62	13,94	18,13
01.03.1938	10,31	0,78	0,97	14,1	182,68	13,82	17,19
01.04.1938	9,89	0,77	0,9	14,2	174,01	13,49	15,89
01.05.1938	9,98	0,75	0,84	14,1	176,83	13,35	14,82
01.06.1938	10,21	0,74	0,77	14,1	180,91	13,11	13,64
01.07.1938	12,24	0,71	0,72	14,1	216,88	12,64	12,76
01.08.1938	12,31	0,69	0,67	14,1	218,12	12,17	11,87
01.09.1938	11,75	0,66	0,62	14,1	208,2	11,69	10,99
01.10.1938	13,06	0,61	0,63	14	233,06	10,89	11,18
01.11.1938	13,07	0,56	0,63	14	233,24	9,99	11,3
01.12.1938	12,69	0,51	0,64	14	226,46	9,1	11,42
01.01.1939	12,5	0,51	0,66	14	223,07	9,16	11,84
01.02.1939	12,4	0,52	0,69	13,9	222,87	9,29	12,34
01.03.1939	12,39	0,52	0,71	13,9	222,7	9,35	12,76
01.04.1939	10,83	0,52	0,73	13,8	196,07	9,47	13,16
01.05.1939	11,23	0,53	0,74	13,8	203,31	9,53	13,46
01.06.1939	11,43	0,53	0,76	13,8	206,93	9,6	13,76
01.07.1939	11,71	0,54	0,78	13,8	212	9,78	14,06
01.08.1939	11,54	0,55	0,79	13,8	208,92	9,96	14,36
01.09.1939	12,77	0,56	0,81	14,1	226,27	9,92	14,35
01.10.1939	12,9	0,58	0,84	14	230,21	10,35	14,99
01.11.1939	12,67	0,6	0,87	14	226,1	10,71	15,53
01.12.1939	12,37	0,62	0,9	14	220,75	11,06	16,06
01.01.1940	12,3	0,62	0,93	13,9	221,08	11,2	16,72
01.02.1940	12,22	0,63	0,96	14	218,07	11,18	17,13
01.03.1940	12,15	0,63	0,99	14	216,82	11,24	17,67
01.04.1940	12,27	0,64	1,01	14	218,96	11,36	17,96
01.05.1940	10,58	0,64	1,02	14	188,8	11,48	18,26
01.06.1940	9,67	0,65	1,04	14,1	171,34	11,52	18,43
01.07.1940	9,99	0,66	1,05	14	178,28	11,72	18,8
01.08.1940	10,2	0,66	1,07	14	182,02	11,84	19,04
01.09.1940	10,63	0,67	1,08	14	189,7	11,96	19,27
01.10.1940	10,73	0,67	1,07	14	191,48	11,96	19,09
01.11.1940	10,98	0,67	1,06	14	195,94	11,96	18,92
01.12.1940	10,53	0,67	1,05	14,1	186,58	11,87	18,6
01.01.1941	10,55	0,67	1,05	14,1	186,93	11,93	18,66
01.02.1941	9,89	0,68	1,06	14,1	175,24	11,99	18,72
01.03.1941	9,95	0,68	1,06	14,2	175,06	11,96	18,65
01.04.1941	9,64	0,68	1,07	14,3	168,42	11,94	18,69
01.05.1941	9,43	0,69	1,08	14,4	163,61	11,91	18,74
01.06.1941	9,76	0,69	1,09	14,7	165,88	11,73	18,53
01.07.1941	10,26	0,69	1,12	14,7	174,37	11,78	19,09
01.08.1941	10,21	0,7	1,16	14,9	171,2	11,68	19,39
01.09.1941	10,24	0,7	1,19	15,1	169,42	11,58	19,69
01.10.1941	9,83	0,7	1,18	15,3	160,52	11,48	19,27
01.11.1941	9,37	0,71	1,17	15,4	152,01	11,46	18,98
01.12.1941	8,76	0,71	1,16	15,5	141,2	11,44	18,7
01.01.1942	8,93	0,7	1,12	15,7	142,1	11,19	17,82
01.02.1942	8,65	0,7	1,08	15,8	136,78	11,02	17,08
01.03.1942	8,18	0,69	1,04	16	127,73	10,77	16,24
01.04.1942	7,84	0,68	1,02	16,1	121,66	10,55	15,83
01.05.1942	7,93	0,67	1	16,3	121,55	10,27	15,33
01.06.1942	8,33	0,66	0,98	16,3	127,68	10,12	15,02
01.07.1942	8,64	0,65	0,97	16,4	131,62	9,85	14,73
01.08.1942	8,59	0,63	0,95	16,5	130,07	9,59	14,43
01.09.1942	8,68	0,62	0,94	16,5	131,43	9,39	14,23
01.10.1942	9,32	0,61	0,97	16,7	139,43	9,13	14,51
01.11.1942	9,47	0,6	1	16,8	140,83	8,92	14,87
01.12.1942	9,52	0,59	1,03	16,9	140,74	8,72	15,23
01.01.1943	10,09	0,59	1,04	16,9	149,16	8,72	15,42
01.02.1943	10,69	0,59	1,06	16,9	158,03	8,72	15,62
01.03.1943	11,07	0,59	1,07	17,2	160,8	8,57	15,54
01.04.1943	11,44	0,59	1,08	17,4	164,26	8,47	15,51
01.05.1943	11,89	0,59	1,09	17,5	169,75	8,42	15,56
01.06.1943	12,1	0,59	1,1	17,5	172,74	8,42	15,7
01.07.1943	12,35	0,59	1,09	17,4	177,33	8,52	15,7
01.08.1943	11,74	0,6	1,09	17,3	169,54	8,62	15,69
01.09.1943	11,99	0,6	1,08	17,4	172,16	8,62	15,51
01.10.1943	11,88	0,6	1,03	17,4	170,58	8,66	14,84
01.11.1943	11,33	0,61	0,99	17,4	162,68	8,71	14,17
01.12.1943	11,48	0,61	0,94	17,4	164,83	8,76	13,5
01.01.1944	11,85	0,61	0,94	17,4	170,15	8,81	13,45
01.02.1944	11,77	0,62	0,93	17,4	169	8,85	13,4
01.03.1944	12,1	0,62	0,93	17,4	173,74	8,9	13,35
01.04.1944	11,89	0,62	0,93	17,5	169,75	8,9	13,23
01.05.1944	12,1	0,63	0,92	17,5	172,74	8,95	13,18
01.06.1944	12,67	0,63	0,92	17,6	179,85	8,94	13,06
01.07.1944	13	0,63	0,91	17,7	183,5	8,94	12,89
01.08.1944	12,81	0,64	0,91	17,7	180,81	8,99	12,8
01.09.1944	12,6	0,64	0,9	17,7	177,85	9,03	12,7
01.10.1944	12,91	0,64	0,91	17,7	182,22	9,03	12,84
01.11.1944	12,82	0,64	0,92	17,7	180,95	9,03	12,99
01.12.1944	13,1	0,64	0,93	17,8	183,87	8,98	13,05
01.01.1945	13,49	0,64	0,94	17,8	189,34	9,03	13,19
01.02.1945	13,94	0,65	0,95	17,8	195,66	9,08	13,33
01.03.1945	13,93	0,65	0,96	17,8	195,52	9,12	13,47
01.04.1945	14,28	0,65	0,97	17,8	200,43	9,12	13,66
01.05.1945	14,82	0,65	0,99	17,9	206,85	9,07	13,77
01.06.1945	15,09	0,65	1	18,1	208,29	8,97	13,8
01.07.1945	14,78	0,65	1	18,1	204,01	9,02	13,76
01.08.1945	14,83	0,66	0,99	18,1	204,7	9,06	13,71
01.09.1945	15,84	0,66	0,99	18,1	218,64	9,11	13,67
01.10.1945	16,5	0,66	0,98	18,1	227,75	9,11	13,53
01.11.1945	17,04	0,66	0,97	18,1	235,2	9,11	13,39
01.12.1945	17,33	0,66	0,96	18,2	237,89	9,06	13,18
01.01.1946	18,02	0,67	0,94	18,2	247,36	9,15	12,9
01.02.1946	18,07	0,67	0,92	18,1	249,42	9,29	12,7
01.03.1946	17,53	0,68	0,9	18,3	239,32	9,28	12,29
01.04.1946	18,66	0,68	0,88	18,4	253,37	9,23	11,95
01.05.1946	18,7	0,68	0,86	18,5	252,54	9,18	11,61
01.06.1946	18,58	0,68	0,84	18,7	248,23	9,08	11,22
01.07.1946	18,05	0,68	0,86	19,8	227,75	8,62	10,81
01.08.1946	17,7	0,69	0,87	20,2	218,92	8,49	10,8
01.09.1946	15,09	0,69	0,89	20,4	184,8	8,45	10,9
01.10.1946	14,75	0,7	0,95	20,8	177,17	8,37	11,37
01.11.1946	14,69	0,7	1	21,3	172,3	8,25	11,77
01.12.1946	15,13	0,71	1,06	21,5	175,81	8,25	12,32
01.01.1947	15,21	0,71	1,13	21,5	176,74	8,29	13,13
01.02.1947	15,8	0,72	1,2	21,5	183,6	8,33	13,94
01.03.1947	15,16	0,72	1,27	21,9	172,95	8,21	14,49
01.04.1947	14,6	0,73	1,33	21,9	166,56	8,37	15,13
01.05.1947	14,34	0,75	1,38	21,9	163,59	8,52	15,78
01.06.1947	14,84	0,76	1,44	22	168,53	8,63	16,35
01.07.1947	15,77	0,77	1,48	22,2	177,47	8,67	16,62
01.08.1947	15,46	0,78	1,51	22,5	171,66	8,66	16,8
01.09.1947	15,06	0,79	1,55	23	163,59	8,58	16,84
01.10.1947	15,45	0,81	1,57	23	167,82	8,76	17,05
01.11.1947	15,27	0,82	1,59	23,1	165,15	8,9	17,2
01.12.1947	15,03	0,84	1,61	23,4	160,47	8,97	17,19
01.01.1948	14,83	0,84	1,64	23,7	156,33	8,89	17,32
01.02.1948	14,1	0,85	1,68	23,5	149,9	9	17,83
01.03.1948	14,3	0,85	1,71	23,4	152,68	9,08	18,26
01.04.1948	15,4	0,85	1,76	23,8	161,66	8,92	18,48
01.05.1948	16,15	0,85	1,81	23,9	168,82	8,89	18,92
01.06.1948	16,82	0,85	1,86	24,1	174,37	8,81	19,28
01.07.1948	16,42	0,86	1,93	24,4	168,13	8,77	19,76
01.08.1948	15,94	0,86	2	24,5	162,55	8,8	20,39
01.09.1948	15,76	0,87	2,07	24,5	160,71	8,87	21,11
01.10.1948	16,19	0,89	2,14	24,4	165,77	9,11	21,95
01.11.1948	15,29	0,91	2,22	24,2	157,85	9,39	22,88
01.12.1948	15,19	0,93	2,29	24,1	157,47	9,64	23,74
01.01.1949	15,36	0,95	2,32	24	159,89	9,85	24,15
01.02.1949	14,77	0,96	2,35	23,8	155,04	10,11	24,67
01.03.1949	14,91	0,98	2,38	23,8	156,51	10,29	24,98
01.04.1949	14,89	0,99	2,39	23,9	155,65	10,38	24,95
01.05.1949	14,78	1,01	2,39	23,8	155,15	10,57	25,12
01.06.1949	13,97	1,02	2,4	23,9	146,03	10,66	25,09
01.07.1949	14,76	1,03	2,4	23,7	155,59	10,82	25,26
01.08.1949	15,29	1,03	2,39	23,8	160,5	10,85	25,12
01.09.1949	15,49	1,04	2,39	23,9	161,92	10,87	24,98
01.10.1949	15,89	1,07	2,37	23,7	167,51	11,31	24,95
01.11.1949	16,11	1,11	2,34	23,8	169,11	11,62	24,6
01.12.1949	16,54	1,14	2,32	23,6	175,1	12,07	24,56
01.01.1950	16,88	1,15	2,34	23,5	179,46	12,23	24,84
01.02.1950	17,21	1,16	2,35	23,5	182,96	12,33	25,02
01.03.1950	17,35	1,17	2,37	23,6	183,67	12,39	25,09
01.04.1950	17,84	1,18	2,43	23,6	188,86	12,49	25,69
01.05.1950	18,44	1,19	2,48	23,7	194,39	12,54	26,18
01.06.1950	18,74	1,2	2,54	23,8	196,72	12,6	26,66
01.07.1950	17,38	1,24	2,6	24,1	180,17	12,89	26,95
01.08.1950	18,43	1,29	2,66	24,3	189,48	13,23	27,35
01.09.1950	19,08	1,33	2,72	24,4	195,36	13,62	27,85
01.10.1950	19,87	1,38	2,76	24,6	201,8	13,98	28,03
01.11.1950	19,83	1,42	2,8	24,7	200,58	14,4	28,32
01.12.1950	19,75	1,47	2,84	25	197,37	14,69	28,38
01.01.1951	21,21	1,49	2,84	25,4	208,62	14,62	27,9
01.02.1951	22	1,5	2,83	25,7	213,87	14,61	27,54
01.03.1951	21,63	1,52	2,83	25,8	209,46	14,72	27,4
01.04.1951	21,92	1,53	2,79	25,8	212,26	14,85	27,05
01.05.1951	21,93	1,55	2,76	25,9	211,54	14,92	26,59
01.06.1951	21,55	1,56	2,72	25,9	207,87	15,05	26,24
01.07.1951	21,93	1,55	2,65	25,9	211,54	14,92	25,56
01.08.1951	22,89	1,53	2,58	25,9	220,8	14,79	24,89
01.09.1951	23,48	1,52	2,51	26,1	224,76	14,55	24,03
01.10.1951	23,36	1,48	2,49	26,2	222,75	14,14	23,71
01.11.1951	22,71	1,45	2,46	26,4	214,92	13,69	23,31
01.12.1951	23,41	1,41	2,44	26,5	220,7	13,29	23
01.01.1952	24,19	1,41	2,43	26,5	228,06	13,32	22,88
01.02.1952	23,75	1,42	2,41	26,3	225,61	13,46	22,93
01.03.1952	23,81	1,42	2,4	26,3	226,18	13,49	22,8
01.04.1952	23,74	1,43	2,38	26,4	224,66	13,53	22,52
01.05.1952	23,73	1,44	2,36	26,4	224,57	13,63	22,33
01.06.1952	24,38	1,45	2,34	26,5	229,85	13,67	22,06
01.07.1952	25,08	1,45	2,35	26,7	234,68	13,57	21,96
01.08.1952	25,18	1,45	2,35	26,7	235,61	13,57	22,02
01.09.1952	24,78	1,45	2,36	26,7	231,87	13,57	22,08
01.10.1952	24,26	1,44	2,37	26,7	227	13,44	22,21
01.11.1952	25,03	1,42	2,39	26,7	234,21	13,32	22,33
01.12.1952	26,04	1,41	2,4	26,7	243,66	13,19	22,46
01.01.1953	26,18	1,41	2,41	26,6	245,89	13,24	22,64
01.02.1953	25,86	1,41	2,42	26,5	243,8	13,29	22,82
01.03.1953	25,99	1,41	2,43	26,6	244,11	13,24	22,82
01.04.1953	24,71	1,41	2,46	26,6	232,08	13,27	23,07
01.05.1953	24,84	1,42	2,48	26,7	232,43	13,26	23,24
01.06.1953	23,95	1,42	2,51	26,8	223,27	13,24	23,4
01.07.1953	24,29	1,42	2,52	26,8	226,44	13,24	23,52
01.08.1953	24,39	1,42	2,54	26,9	226,52	13,19	23,56
01.09.1953	23,27	1,42	2,55	26,9	216,12	13,19	23,68
01.10.1953	23,97	1,43	2,54	27	221,8	13,23	23,47
01.11.1953	24,5	1,44	2,52	26,9	227,55	13,37	23,44
01.12.1953	24,83	1,45	2,51	26,9	230,61	13,47	23,31
01.01.1954	25,46	1,46	2,52	26,9	236,46	13,53	23,44
01.02.1954	26,02	1,46	2,54	26,9	241,66	13,59	23,56
01.03.1954	26,57	1,47	2,55	26,9	246,77	13,65	23,68
01.04.1954	27,63	1,46	2,57	26,8	257,57	13,64	23,99
01.05.1954	28,73	1,46	2,6	26,9	266,83	13,53	24,12
01.06.1954	28,96	1,45	2,62	26,9	268,97	13,47	24,33
01.07.1954	30,13	1,46	2,62	26,9	279,83	13,53	24,36
01.08.1954	30,73	1,46	2,63	26,9	285,41	13,59	24,4
01.09.1954	31,45	1,47	2,63	26,8	293,18	13,7	24,52
01.10.1954	32,18	1,49	2,68	26,8	299,99	13,92	24,95
01.11.1954	33,44	1,52	2,72	26,8	311,74	14,14	25,39
01.12.1954	34,97	1,54	2,77	26,7	327,22	14,41	25,92
01.01.1955	35,6	1,55	2,83	26,7	333,11	14,47	26,51
01.02.1955	36,79	1,55	2,9	26,7	344,25	14,53	27,1
01.03.1955	36,5	1,56	2,96	26,7	341,54	14,6	27,7
01.04.1955	37,76	1,56	3,05	26,7	353,33	14,63	28,51
01.05.1955	37,6	1,57	3,13	26,7	351,83	14,66	29,32
01.06.1955	39,78	1,57	3,22	26,7	372,23	14,69	30,13
01.07.1955	42,69	1,59	3,29	26,8	397,97	14,79	30,7
01.08.1955	42,43	1,6	3,37	26,8	395,54	14,95	31,38
01.09.1955	44,34	1,62	3,44	26,9	411,81	15,05	31,95
01.10.1955	42,11	1,63	3,5	26,9	391,1	15,11	32,51
01.11.1955	44,95	1,63	3,56	26,9	417,48	15,17	33,06
01.12.1955	45,37	1,64	3,62	26,8	422,95	15,29	33,75
01.01.1956	44,15	1,67	3,64	26,8	411,58	15,57	33,96
01.02.1956	44,43	1,7	3,67	26,8	414,19	15,85	34,18
01.03.1956	47,49	1,73	3,69	26,8	442,71	16,13	34,4
01.04.1956	48,05	1,75	3,66	26,9	446,27	16,28	33,99
01.05.1956	46,54	1,78	3,63	27	430,64	16,44	33,59
01.06.1956	46,27	1,8	3,6	27,2	425	16,53	33,07
01.07.1956	48,78	1,81	3,55	27,4	444,78	16,53	32,4
01.08.1956	48,49	1,83	3,51	27,3	443,76	16,72	32,09
01.09.1956	46,84	1,84	3,46	27,4	427,09	16,78	31,55
01.10.1956	46,24	1,81	3,44	27,5	420,09	16,41	31,28
01.11.1956	45,76	1,77	3,43	27,5	415,73	16,11	31,13
01.12.1956	46,44	1,74	3,41	27,6	420,38	15,75	30,87
01.01.1957	45,43	1,74	3,41	27,6	411,23	15,72	30,84
01.02.1957	43,47	1,73	3,4	27,7	392,07	15,63	30,7
01.03.1957	44,03	1,73	3,4	27,8	395,69	15,55	30,56
01.04.1957	45,05	1,73	3,41	27,9	403,41	15,49	30,51
01.05.1957	46,78	1,73	3,41	28	417,4	15,44	30,46
01.06.1957	47,55	1,73	3,42	28,1	422,76	15,38	30,41
01.07.1957	48,51	1,74	3,44	28,3	428,25	15,36	30,34
01.08.1957	45,84	1,75	3,45	28,3	404,68	15,45	30,49
01.09.1957	43,98	1,76	3,47	28,3	388,26	15,54	30,63
01.10.1957	41,24	1,77	3,44	28,3	364,07	15,63	30,34
01.11.1957	40,35	1,78	3,4	28,4	354,96	15,66	29,94
01.12.1957	40,33	1,79	3,37	28,4	354,78	15,75	29,65
01.01.1958	41,12	1,78	3,29	28,6	359,2	15,58	28,77
01.02.1958	41,26	1,78	3,22	28,6	360,43	15,52	28,1
01.03.1958	42,11	1,77	3,14	28,8	365,3	15,35	27,24
01.04.1958	42,34	1,76	3,07	28,9	366,02	15,19	26,54
01.05.1958	43,7	1,74	3	28,9	377,78	15,07	25,93
01.06.1958	44,75	1,73	2,93	28,9	386,86	14,96	25,33
01.07.1958	45,98	1,73	2,91	29	396,12	14,9	25,1
01.08.1958	47,7	1,73	2,9	28,9	412,36	14,96	25,04
01.09.1958	48,96	1,73	2,88	28,9	423,25	14,96	24,9
01.10.1958	50,95	1,74	2,88	28,9	440,45	15,01	24,93
01.11.1958	52,5	1,74	2,89	29	452,29	15,02	24,87
01.12.1958	53,49	1,75	2,89	28,9	462,41	15,13	24,98
01.01.1959	55,62	1,76	2,96	29	479,17	15,13	25,53
01.02.1959	54,77	1,76	3,04	28,9	473,48	15,24	26,25
01.03.1959	56,16	1,77	3,11	28,9	485,49	15,3	26,89
01.04.1959	57,1	1,78	3,21	29	491,92	15,31	27,63
01.05.1959	57,96	1,78	3,3	29	499,33	15,36	28,46
01.06.1959	57,46	1,79	3,4	29,1	493,32	15,37	29,19
01.07.1959	59,74	1,8	3,41	29,2	511,14	15,37	29,18
01.08.1959	59,4	1,8	3,42	29,2	508,23	15,43	29,26
01.09.1959	57,05	1,81	3,43	29,3	486,45	15,43	29,25
01.10.1959	57	1,82	3,42	29,4	484,37	15,44	29,03
01.11.1959	57,23	1,82	3,4	29,4	486,33	15,49	28,92
01.12.1959	59,06	1,83	3,39	29,4	501,88	15,55	28,81
01.01.1960	58,03	1,87	3,39	29,3	494,81	15,92	28,91
01.02.1960	55,78	1,9	3,39	29,4	474,01	16,17	28,81
01.03.1960	55,02	1,94	3,39	29,4	467,55	16,49	28,81
01.04.1960	55,73	1,94	3,35	29,5	471,98	16,46	28,34
01.05.1960	55,22	1,95	3,3	29,5	467,66	16,49	27,98
01.06.1960	57,26	1,95	3,26	29,6	483,3	16,46	27,52
01.07.1960	55,84	1,95	3,26	29,6	471,31	16,46	27,54
01.08.1960	56,51	1,95	3,27	29,6	476,97	16,46	27,57
01.09.1960	54,81	1,95	3,27	29,6	462,62	16,46	27,6
01.10.1960	53,73	1,95	3,27	29,8	450,46	16,35	27,41
01.11.1960	55,47	1,95	3,27	29,8	465,05	16,35	27,41
01.12.1960	56,8	1,95	3,27	29,8	476,2	16,35	27,41
01.01.1961	59,72	1,95	3,21	29,8	500,68	16,32	26,91
01.02.1961	62,17	1,94	3,15	29,8	521,22	16,29	26,41
01.03.1961	64,12	1,94	3,09	29,8	537,57	16,26	25,91
01.04.1961	65,83	1,94	3,07	29,8	551,9	16,26	25,74
01.05.1961	66,5	1,94	3,05	29,8	557,52	16,26	25,57
01.06.1961	65,62	1,94	3,03	29,8	550,14	16,26	25,4
01.07.1961	65,44	1,95	3,04	30	544,97	16,21	25,29
01.08.1961	67,79	1,95	3,04	29,9	566,43	16,32	25,43
01.09.1961	67,26	1,96	3,05	30	560,13	16,32	25,4
01.10.1961	68	1,98	3,1	30	566,29	16,49	25,79
01.11.1961	71,08	2	3,14	30	591,94	16,66	26,18
01.12.1961	71,74	2,02	3,19	30	597,44	16,82	26,57
01.01.1962	69,07	2,03	3,25	30	575,2	16,88	27,07
01.02.1962	70,22	2,03	3,31	30,1	582,84	16,88	27,47
01.03.1962	70,29	2,04	3,37	30,1	583,42	16,93	27,97
01.04.1962	68,05	2,05	3,4	30,2	562,96	16,93	28,15
01.05.1962	62,99	2,05	3,44	30,2	521,1	16,99	28,43
01.06.1962	55,63	2,06	3,47	30,2	460,21	17,04	28,71
01.07.1962	56,97	2,07	3,49	30,3	469,74	17,04	28,78
01.08.1962	58,52	2,07	3,51	30,3	482,52	17,1	28,94
01.09.1962	58	2,08	3,53	30,4	476,66	17,09	29,01
01.10.1962	56,17	2,1	3,58	30,4	461,62	17,23	29,39
01.11.1962	60,04	2,11	3,62	30,4	493,43	17,37	29,78
01.12.1962	62,64	2,13	3,67	30,4	514,79	17,5	30,16
01.01.1963	65,06	2,14	3,68	30,4	534,68	17,56	30,27
01.02.1963	65,92	2,14	3,7	30,4	541,75	17,61	30,38
01.03.1963	65,67	2,15	3,71	30,5	537,92	17,61	30,39
01.04.1963	68,76	2,17	3,75	30,5	563,24	17,75	30,74
01.05.1963	70,14	2,18	3,8	30,5	574,54	17,88	31,1
01.06.1963	70,11	2,2	3,84	30,6	572,42	17,96	31,35
01.07.1963	69,07	2,2	3,88	30,7	562,09	17,93	31,58
01.08.1963	70,98	2,21	3,92	30,7	577,63	17,96	31,9
01.09.1963	72,85	2,21	3,96	30,7	592,85	17,98	32,23
01.10.1963	73,03	2,23	3,98	30,8	592,39	18,12	32,28
01.11.1963	72,62	2,26	4	30,8	589,06	18,31	32,45
01.12.1963	74,17	2,28	4,02	30,9	599,69	18,43	32,5
01.01.1964	76,45	2,3	4,07	30,9	618,12	18,57	32,93
01.02.1964	77,39	2,31	4,13	30,9	625,72	18,7	33,37
01.03.1964	78,8	2,33	4,18	30,9	637,12	18,84	33,8
01.04.1964	79,94	2,35	4,23	30,9	646,34	18,97	34,2
01.05.1964	80,72	2,36	4,28	30,9	652,64	19,11	34,61
01.06.1964	80,24	2,38	4,33	31	646,67	19,18	34,9
01.07.1964	83,22	2,4	4,38	31,1	668,53	19,28	35,16
01.08.1964	82	2,42	4,42	31	660,86	19,5	35,65
01.09.1964	83,41	2,44	4,47	31,1	670,06	19,6	35,91
01.10.1964	84,85	2,46	4,5	31,1	681,63	19,76	36,12
01.11.1964	85,44	2,48	4,52	31,2	684,16	19,86	36,22
01.12.1964	83,96	2,5	4,55	31,2	672,31	20,02	36,43
01.01.1965	86,12	2,52	4,59	31,2	689,61	20,15	36,78
01.02.1965	86,75	2,53	4,64	31,2	694,65	20,29	37,13
01.03.1965	86,83	2,55	4,68	31,3	693,07	20,35	37,36
01.04.1965	87,97	2,57	4,73	31,4	699,94	20,45	37,66
01.05.1965	89,28	2,59	4,79	31,4	710,36	20,61	38,09
01.06.1965	85,04	2,61	4,84	31,6	672,34	20,64	38,27
01.07.1965	84,91	2,63	4,89	31,6	671,31	20,77	38,63
01.08.1965	86,49	2,64	4,93	31,6	683,81	20,9	39
01.09.1965	89,38	2,66	4,98	31,6	706,65	21,03	39,37
01.10.1965	91,39	2,68	5,05	31,7	720,27	21,12	39,8
01.11.1965	92,15	2,7	5,12	31,7	726,26	21,28	40,35
01.12.1965	91,73	2,72	5,19	31,8	720,67	21,37	40,78
01.01.1966	93,32	2,74	5,24	31,8	733,17	21,53	41,17
01.02.1966	92,69	2,76	5,29	32	723,66	21,55	41,3
01.03.1966	88,88	2,78	5,34	32,1	691,76	21,64	41,56
01.04.1966	91,6	2,8	5,38	32,3	708,51	21,63	41,61
01.05.1966	86,78	2,81	5,42	32,3	671,23	21,76	41,92
01.06.1966	86,06	2,83	5,46	32,4	663,61	21,82	42,1
01.07.1966	85,84	2,85	5,48	32,5	659,87	21,91	42,1
01.08.1966	80,65	2,87	5,49	32,7	616,18	21,93	41,97
01.09.1966	77,81	2,89	5,51	32,7	594,49	22,08	42,1
01.10.1966	77,13	2,88	5,52	32,9	585,71	21,9	41,94
01.11.1966	80,99	2,88	5,54	32,9	615,02	21,84	42,04
01.12.1966	81,33	2,87	5,55	32,9	617,6	21,79	42,15
01.01.1967	84,45	2,88	5,52	32,9	641,3	21,87	41,89
01.02.1967	87,36	2,89	5,48	32,9	663,39	21,95	41,64
01.03.1967	89,42	2,9	5,45	33	676,98	21,96	41,26
01.04.1967	90,96	2,9	5,41	33,1	686,56	21,89	40,83
01.05.1967	92,59	2,9	5,37	33,2	696,76	21,82	40,41
01.06.1967	91,43	2,9	5,33	33,3	685,96	21,76	39,99
01.07.1967	93,01	2,91	5,32	33,4	695,72	21,74	39,79
01.08.1967	94,49	2,91	5,31	33,5	704,69	21,73	39,6
01.09.1967	95,81	2,92	5,3	33,6	712,4	21,71	39,41
01.10.1967	95,66	2,92	5,31	33,7	709,18	21,65	39,37
01.11.1967	92,66	2,92	5,32	33,8	684,9	21,58	39,32
01.12.1967	95,3	2,92	5,33	33,9	702,34	21,52	39,28
01.01.1968	95,04	2,93	5,37	34,1	696,32	21,47	39,32
01.02.1968	90,75	2,94	5,4	34,2	662,94	21,48	39,47
01.03.1968	89,09	2,95	5,44	34,3	648,92	21,49	39,62
01.04.1968	95,67	2,96	5,48	34,4	694,82	21,52	39,82
01.05.1968	97,87	2,98	5,53	34,5	708,74	21,56	40,02
01.06.1968	100,5	2,99	5,57	34,7	723,59	21,53	40,1
01.07.1968	100,3	3	5,6	34,9	718,01	21,5	40,09
01.08.1968	98,11	3,02	5,63	35	700,32	21,53	40,19
01.09.1968	101,3	3,03	5,66	35,1	721,04	21,57	40,29
01.10.1968	103,8	3,04	5,69	35,3	734,64	21,54	40,29
01.11.1968	105,4	3,06	5,73	35,4	743,86	21,57	40,42
01.12.1968	106,5	3,07	5,76	35,5	749,51	21,61	40,54
01.01.1969	102	3,08	5,78	35,6	715,82	21,61	40,56
01.02.1969	101,5	3,09	5,8	35,8	708,33	21,56	40,48
01.03.1969	99,3	3,1	5,82	36,1	687,22	21,45	40,28
01.04.1969	101,3	3,11	5,83	36,3	697,2	21,4	40,1
01.05.1969	104,6	3,12	5,83	36,4	717,93	21,41	40,04
01.06.1969	99,14	3,13	5,84	36,6	676,74	21,37	39,86
01.07.1969	94,71	3,14	5,86	36,8	642,99	21,29	39,76
01.08.1969	94,18	3,14	5,87	37	635,93	21,22	39,66
01.09.1969	94,51	3,15	5,89	37,1	636,44	21,21	39,66
01.10.1969	95,52	3,15	5,85	37,3	639,79	21,12	39,21
01.11.1969	96,21	3,16	5,82	37,5	640,98	21,03	38,75
01.12.1969	91,11	3,16	5,78	37,7	603,78	20,94	38,3
01.01.1970	90,31	3,16	5,73	37,8	596,9	20,91	37,87
01.02.1970	87,16	3,17	5,68	38	573,04	20,82	37,34
01.03.1970	88,65	3,17	5,63	38,2	579,79	20,73	36,82
01.04.1970	85,95	3,17	5,59	38,5	557,75	20,59	36,3
01.05.1970	76,06	3,18	5,56	38,6	492,29	20,56	35,97
01.06.1970	75,59	3,18	5,52	38,8	486,73	20,48	35,54
01.07.1970	75,72	3,18	5,47	39	485,07	20,39	35,02
01.08.1970	77,92	3,19	5,41	39	499,16	20,41	34,68
01.09.1970	82,58	3,19	5,36	39,2	526,31	20,33	34,16
01.10.1970	84,37	3,17	5,28	39,4	534,99	20,12	33,5
01.11.1970	84,28	3,16	5,21	39,6	531,72	19,92	32,85
01.12.1970	90,05	3,14	5,13	39,8	565,27	19,71	32,2
01.01.1971	93,49	3,13	5,16	39,8	586,86	19,65	32,39
01.02.1971	97,11	3,12	5,19	39,9	608,06	19,54	32,5
01.03.1971	99,6	3,11	5,22	40	622,09	19,42	32,6
01.04.1971	103	3,11	5,25	40,1	641,72	19,36	32,73
01.05.1971	101,6	3,1	5,29	40,3	629,86	19,24	32,77
01.06.1971	99,72	3,1	5,32	40,6	613,64	19,08	32,74
01.07.1971	99	3,1	5,36	40,7	607,71	19,01	32,88
01.08.1971	97,24	3,09	5,39	40,8	595,44	18,94	33,03
01.09.1971	99,4	3,09	5,43	40,8	608,67	18,92	33,25
01.10.1971	97,29	3,08	5,52	40,9	594,29	18,83	33,72
01.11.1971	92,78	3,08	5,61	40,9	566,74	18,79	34,27
01.12.1971	99,17	3,07	5,7	41,1	602,83	18,66	34,65
01.01.1972	103,3	3,07	5,74	41,1	627,93	18,66	34,87
01.02.1972	105,2	3,07	5,77	41,3	636,38	18,57	34,92
01.03.1972	107,7	3,07	5,81	41,4	649,93	18,53	35,06
01.04.1972	108,8	3,07	5,86	41,5	654,99	18,48	35,3
01.05.1972	107,7	3,07	5,92	41,6	646,81	18,44	35,53
01.06.1972	108	3,07	5,97	41,7	647,06	18,39	35,77
01.07.1972	107,2	3,07	6,03	41,9	639,2	18,33	35,93
01.08.1972	111	3,08	6,08	42	660,28	18,3	36,19
01.09.1972	109,4	3,08	6,14	42,1	649,22	18,28	36,44
01.10.1972	109,6	3,1	6,23	42,3	647,33	18,33	36,82
01.11.1972	115,1	3,13	6,33	42,4	678,21	18,42	37,28
01.12.1972	117,5	3,15	6,42	42,5	690,72	18,52	37,74
01.01.1973	118,4	3,16	6,55	42,6	694,38	18,51	38,39
01.02.1973	114,2	3,16	6,67	42,9	665,06	18,42	38,86
01.03.1973	112,4	3,17	6,8	43,3	648,53	18,29	39,24
01.04.1973	110,3	3,19	6,94	43,6	632,04	18,26	39,79
01.05.1973	107,2	3,2	7,09	43,9	610,08	18,23	40,33
01.06.1973	104,8	3,22	7,23	44,2	592,37	18,2	40,87
01.07.1973	105,8	3,24	7,38	44,3	596,67	18,25	41,64
01.08.1973	103,8	3,25	7,54	45,1	575,01	18,02	41,75
01.09.1973	105,6	3,27	7,69	45,2	583,69	18,07	42,51
01.10.1973	109,8	3,31	7,85	45,6	601,58	18,12	42,99
01.11.1973	102	3,34	8	45,9	555,19	18,2	43,56
01.12.1973	94,78	3,38	8,16	46,2	512,54	18,28	44,13
01.01.1974	96,11	3,4	8,23	46,6	515,27	18,23	44,11
01.02.1974	93,45	3,42	8,29	47,2	494,64	18,1	43,9
01.03.1974	97,44	3,44	8,36	47,8	509,29	17,98	43,7
01.04.1974	92,46	3,46	8,49	48	481,25	18,01	44,17
01.05.1974	89,67	3,48	8,61	48,6	460,96	17,89	44,28
01.06.1974	89,79	3,5	8,74	49	457,81	17,85	44,56
01.07.1974	79,31	3,53	8,86	49,4	401,1	17,85	44,83
01.08.1974	76,03	3,56	8,99	50	379,9	17,79	44,9
01.09.1974	68,12	3,59	9,11	50,6	336,34	17,73	44,98
01.10.1974	69,44	3,59	9,04	51,1	339,5	17,57	44,18
01.11.1974	71,74	3,6	8,96	51,5	348,02	17,45	43,48
01.12.1974	67,07	3,6	8,89	51,9	322,86	17,33	42,79
01.01.1975	72,56	3,62	8,74	52,1	347,95	17,37	41,93
01.02.1975	80,1	3,65	8,6	52,5	381,18	17,35	40,91
01.03.1975	83,78	3,67	8,45	52,7	397,18	17,4	40,06
01.04.1975	84,72	3,68	8,29	52,9	400,11	17,4	39,14
01.05.1975	90,1	3,7	8,12	53,2	423,12	17,36	38,15
01.06.1975	92,4	3,71	7,96	53,6	430,69	17,29	37,1
01.07.1975	92,49	3,71	7,89	54,2	426,33	17,1	36,38
01.08.1975	85,71	3,71	7,83	54,3	394,35	17,07	36,01
01.09.1975	84,67	3,71	7,76	54,6	387,43	16,98	35,51
01.10.1975	88,57	3,7	7,83	54,9	403,06	16,84	35,62
01.11.1975	90,07	3,69	7,89	55,3	406,92	16,67	35,66
01.12.1975	88,7	3,68	7,96	55,5	399,29	16,57	35,83
01.01.1976	96,86	3,68	8,19	55,6	435,24	16,55	36,82
01.02.1976	100,6	3,69	8,43	55,8	450,42	16,51	37,73
01.03.1976	101,1	3,69	8,66	55,9	451,85	16,49	38,7
01.04.1976	101,9	3,71	8,86	56,1	453,8	16,54	39,44
01.05.1976	101,2	3,74	9,05	56,5	447,49	16,52	40,03
01.06.1976	101,8	3,76	9,25	56,8	447,77	16,54	40,69
01.07.1976	104,2	3,79	9,35	57,1	455,92	16,58	40,91
01.08.1976	103,3	3,82	9,45	57,4	449,62	16,63	41,13
01.09.1976	105,5	3,85	9,55	57,6	457,6	16,7	41,42
01.10.1976	101,9	3,92	9,67	57,9	439,69	16,9	41,73
01.11.1976	101,2	3,98	9,79	58	435,92	17,16	42,17
01.12.1976	104,7	4,05	9,91	58,2	449,45	17,39	42,54
01.01.1977	103,8	4,1	9,97	58,5	443,3	17,5	42,56
01.02.1977	101	4,14	10,02	59,1	426,96	17,52	42,37
01.03.1977	100,6	4,19	10,08	59,5	422,41	17,59	42,33
01.04.1977	99,05	4,25	10,19	60	412,44	17,68	42,44
01.05.1977	98,76	4,3	10,31	60,3	409,18	17,83	42,7
01.06.1977	99,29	4,36	10,42	60,7	408,67	17,95	42,89
01.07.1977	100,2	4,41	10,52	61	410,39	18,05	43,07
01.08.1977	97,75	4,45	10,61	61,2	399,04	18,18	43,33
01.09.1977	96,23	4,5	10,71	61,4	391,56	18,31	43,58
01.10.1977	93,74	4,56	10,77	61,6	380,19	18,48	43,68
01.11.1977	94,28	4,61	10,83	61,9	380,52	18,62	43,71
01.12.1977	93,82	4,67	10,89	62,1	377,45	18,79	43,81
01.01.1978	90,25	4,71	10,9	62,5	360,76	18,84	43,57
01.02.1978	88,98	4,76	10,91	62,9	353,42	18,89	43,33
01.03.1978	88,82	4,8	10,92	63,4	350,01	18,91	43,03
01.04.1978	92,71	4,84	11,02	63,9	362,48	18,91	43,1
01.05.1978	97,41	4,87	11,13	64,5	377,31	18,88	43,1
01.06.1978	97,66	4,91	11,23	65,2	374,22	18,81	43,03
01.07.1978	97,19	4,95	11,34	65,7	369,58	18,81	43,13
01.08.1978	103,9	4,98	11,46	66	393,3	18,86	43,37
01.09.1978	103,9	5,02	11,57	66,5	390,34	18,86	43,47
01.10.1978	100,6	5,04	11,82	67,1	374,57	18,75	44,02
01.11.1978	94,71	5,05	12,08	67,4	351,07	18,73	44,77
01.12.1978	96,11	5,07	12,33	67,7	354,68	18,71	45,5
01.01.1979	99,71	5,11	12,65	68,3	364,73	18,7	46,28
01.02.1979	98,23	5,16	12,98	69,1	355,16	18,64	46,92
01.03.1979	100,1	5,2	13,3	69,8	358,29	18,61	47,6
01.04.1979	102,1	5,25	13,53	70,6	361,31	18,57	47,87
01.05.1979	99,73	5,29	13,75	71,5	348,48	18,5	48,06
01.06.1979	101,7	5,34	13,98	72,3	351,43	18,45	48,31
01.07.1979	102,7	5,4	14,2	73,1	351	18,44	48,52
01.08.1979	107,4	5,45	14,41	73,8	363,58	18,46	48,79
01.09.1979	108,6	5,51	14,63	74,6	363,7	18,45	49
01.10.1979	104,5	5,56	14,71	75,2	347,18	18,46	48,86
01.11.1979	103,7	5,6	14,78	75,9	341,34	18,44	48,66
01.12.1979	107,8	5,65	14,86	76,7	351,14	18,4	48,4
01.01.1980	110,9	5,7	15	77,8	356,13	18,3	48,18
01.02.1980	115,3	5,75	15,15	78,9	365,1	18,21	47,96
01.03.1980	104,7	5,8	15,29	80,1	326,56	18,09	47,69
01.04.1980	103	5,85	15,17	81	317,69	18,03	46,8
01.05.1980	107,7	5,89	15,06	81,8	328,94	18	45,99
01.06.1980	114,6	5,94	14,94	82,7	346,2	17,94	45,13
01.07.1980	119,8	5,98	14,84	82,7	361,91	18,08	44,83
01.08.1980	123,5	6,03	14,74	83,3	370,4	18,08	44,21
01.09.1980	126,5	6,07	14,64	84	376,24	18,05	43,54
01.10.1980	130,2	6,1	14,7	84,8	383,59	17,97	43,31
01.11.1980	135,7	6,13	14,76	85,5	396,52	17,91	43,13
01.12.1980	133,5	6,16	14,82	86,3	386,48	17,83	42,9
01.01.1981	133	6,2	14,74	87	381,93	17,8	42,33
01.02.1981	128,4	6,24	14,66	87,9	364,95	17,74	41,67
01.03.1981	133,2	6,28	14,58	88,5	376,02	17,73	41,16
01.04.1981	134,4	6,32	14,72	89,1	376,86	17,71	41,28
01.05.1981	131,7	6,35	14,87	89,8	366,41	17,68	41,36
01.06.1981	132,3	6,39	15,01	90,6	364,83	17,62	41,39
01.07.1981	129,1	6,43	15,1	91,6	352,12	17,55	41,18
01.08.1981	129,6	6,48	15,18	92,3	350,8	17,53	41,1
01.09.1981	118,3	6,52	15,27	93,2	317,12	17,48	40,93
01.10.1981	119,8	6,56	15,3	93,4	320,45	17,54	40,93
01.11.1981	122,9	6,59	15,33	93,7	327,69	17,58	40,87
01.12.1981	123,8	6,63	15,36	94	329,04	17,62	40,82
01.01.1982	117,3	6,66	15,18	94,3	310,77	17,64	40,21
01.02.1982	114,5	6,69	14,99	94,6	302,39	17,67	39,6
01.03.1982	110,8	6,72	14,81	94,5	292,93	17,77	39,15
01.04.1982	116,3	6,75	14,6	94,9	306,17	17,77	38,43
01.05.1982	116,4	6,78	14,38	95,8	303,56	17,68	37,51
01.06.1982	109,7	6,81	14,17	97	282,55	17,54	36,5
01.07.1982	109,4	6,82	13,97	97,5	280,33	17,48	35,79
01.08.1982	109,7	6,84	13,76	97,7	280,52	17,48	35,2
01.09.1982	122,4	6,85	13,56	97,9	312,36	17,48	34,6
01.10.1982	132,7	6,86	13,25	98,2	337,61	17,44	33,72
01.11.1982	138,1	6,86	12,95	98	352,06	17,5	33,01
01.12.1982	139,4	6,87	12,64	97,6	356,83	17,59	32,36
01.01.1983	144,3	6,88	12,57	97,8	368,62	17,58	32,1
01.02.1983	146,8	6,9	12,49	97,9	374,63	17,6	31,88
01.03.1983	151,9	6,91	12,42	97,9	387,64	17,63	31,7
01.04.1983	157,7	6,92	12,48	98,6	399,58	17,53	31,61
01.05.1983	164,1	6,93	12,53	99,2	413,29	17,45	31,57
01.06.1983	166,4	6,94	12,59	99,5	417,82	17,43	31,61
01.07.1983	167	6,96	12,83	99,9	417,64	17,41	32,08
01.08.1983	162,4	6,98	13,06	100,2	404,92	17,4	32,57
01.09.1983	167,2	7	13,3	100,7	414,82	17,37	33
01.10.1983	167,7	7,03	13,54	101	414,83	17,39	33,5
01.11.1983	165,2	7,06	13,79	101,2	407,83	17,43	34,04
01.12.1983	164,4	7,09	14,03	101,3	405,46	17,49	34,6
01.01.1984	166,4	7,12	14,44	101,9	407,97	17,46	35,4
01.02.1984	157,3	7,15	14,85	102,4	383,78	17,44	36,23
01.03.1984	157,4	7,18	15,26	102,6	383,28	17,48	37,16
01.04.1984	157,6	7,22	15,57	103,1	381,9	17,5	37,74
01.05.1984	156,6	7,27	15,89	103,4	378,38	17,56	38,39
01.06.1984	153,1	7,31	16,2	103,7	368,85	17,61	39,03
01.07.1984	151,1	7,33	16,32	104,1	362,63	17,6	39,17
01.08.1984	164,4	7,36	16,44	104,5	393,04	17,59	39,3
01.09.1984	166,1	7,38	16,56	105	395,22	17,56	39,4
01.10.1984	164,8	7,43	16,59	105,3	391,01	17,63	39,35
01.11.1984	166,3	7,48	16,61	105,3	394,56	17,75	39,42
01.12.1984	164,5	7,53	16,64	105,3	390,29	17,87	39,48
01.01.1985	171,6	7,57	16,56	105,5	406,37	17,93	39,21
01.02.1985	180,9	7,62	16,47	106	426,37	17,95	38,83
01.03.1985	179,4	7,66	16,39	106,4	421,25	17,99	38,48
01.04.1985	180,6	7,69	16,13	106,9	422,08	17,96	37,7
01.05.1985	184,9	7,71	15,87	107,3	430,52	17,96	36,95
01.06.1985	188,9	7,74	15,61	107,6	438,61	17,97	36,24
01.07.1985	192,5	7,77	15,48	107,8	446,13	18,02	35,88
01.08.1985	188,3	7,81	15,36	108	435,59	18,06	35,52
01.09.1985	184,1	7,84	15,23	108,3	424,7	18,09	35,13
01.10.1985	186,2	7,86	15,02	108,7	427,96	18,07	34,53
01.11.1985	197,5	7,88	14,82	109	452,68	18,06	33,96
01.12.1985	207,3	7,9	14,61	109,3	473,84	18,06	33,4
01.01.1986	208,2	7,94	14,58	109,6	474,6	18,1	33,24
01.02.1986	219,4	7,98	14,55	109,3	501,5	18,24	33,26
01.03.1986	232,3	8,02	14,52	108,8	533,43	18,42	33,34
01.04.1986	238	8,05	14,58	108,6	547,52	18,51	33,55
01.05.1986	238,5	8,07	14,65	108,9	547,16	18,52	33,6
01.06.1986	245,3	8,1	14,71	109,5	559,68	18,48	33,56
01.07.1986	240,2	8,14	14,76	109,5	548,04	18,58	33,67
01.08.1986	245	8,19	14,8	109,7	557,97	18,64	33,71
01.09.1986	238,3	8,23	14,85	110,2	540,25	18,66	33,67
01.10.1986	237,4	8,25	14,73	110,3	537,72	18,68	33,36
01.11.1986	245,1	8,26	14,6	110,4	554,66	18,7	33,05
01.12.1986	248,6	8,28	14,48	110,5	562,07	18,72	32,74
01.01.1987	264,5	8,3	14,69	111,2	594,26	18,65	33
01.02.1987	280,9	8,32	14,89	111,6	628,84	18,63	33,34
01.03.1987	292,5	8,34	15,1	112,1	651,89	18,59	33,65
01.04.1987	289,3	8,4	14,87	112,7	641,33	18,62	32,97
01.05.1987	289,1	8,46	14,65	113,1	638,62	18,69	32,35
01.06.1987	301,4	8,52	14,42	113,5	663,44	18,75	31,74
01.07.1987	310,1	8,57	14,9	113,8	680,79	18,81	32,71
01.08.1987	329,4	8,61	15,38	114,4	719,37	18,81	33,59
01.09.1987	318,7	8,66	15,86	115	692,37	18,81	34,46
01.10.1987	280,2	8,71	16,41	115,3	607,15	18,87	35,55
01.11.1987	245	8,76	16,95	115,4	530,41	18,96	36,7
01.12.1987	241	8,81	17,5	115,4	521,75	19,07	37,89
01.01.1988	250,5	8,86	17,86	115,7	540,91	19,12	38,57
01.02.1988	258,1	8,9	18,23	116	555,88	19,18	39,26
01.03.1988	265,7	8,95	18,59	116,5	569,8	19,19	39,87
01.04.1988	262,6	9,04	19,62	117,1	560,26	19,29	41,85
01.05.1988	256,1	9,14	20,64	117,5	544,54	19,43	43,89
01.06.1988	270,7	9,23	21,67	118	573,14	19,54	45,88
01.07.1988	269,1	9,31	22,02	118,5	567,35	19,62	46,43
01.08.1988	263,7	9,38	22,38	119	553,63	19,7	46,98
01.09.1988	268	9,46	22,73	119,8	558,9	19,73	47,4
01.10.1988	277,4	9,55	23,07	120,2	576,58	19,85	47,96
01.11.1988	271	9,64	23,42	120,3	562,8	20,02	48,63
01.12.1988	276,5	9,75	23,75	120,5	573,27	20,21	49,24
01.01.1989	285,4	9,81	24,16	121,1	588,79	20,25	49,84
01.02.1989	294	9,9	24,56	121,6	604,04	20,33	50,46
01.03.1989	292,7	10,01	24,96	122,3	597,93	20,45	50,99
01.04.1989	302,3	10,09	25,05	123,1	613,53	20,47	50,83
01.05.1989	313,9	10,19	25,13	123,8	633,47	20,57	50,72
01.06.1989	323,7	10,37	25,22	124,1	651,67	20,88	50,77
01.07.1989	331,9	10,42	24,71	124,4	666,56	20,93	49,63
01.08.1989	346,6	10,55	24,2	124,6	694,97	21,15	48,52
01.09.1989	347,3	10,73	23,69	125	694,14	21,45	47,35
01.10.1989	347,4	10,8	23,43	125,6	691,03	21,48	46,6
01.11.1989	340,2	10,92	23,16	125,9	675,09	21,68	45,97
01.12.1989	348,6	11,06	22,87	126,1	690,66	21,91	45,31
01.01.1990	339,97	11,14	22,49	127,4	666,69	21,85	44,1
01.02.1990	330,45	11,23	22,08	128	644,99	21,92	43,1
01.03.1990	338,46	11,32	21,67	128,7	657,03	21,97	42,07
01.04.1990	338,18	11,44	21,53	128,9	655,46	22,17	41,74
01.05.1990	350,25	11,55	21,4	129,2	677,28	22,34	41,38
01.06.1990	360,39	11,66	21,26	129,9	693,13	22,43	40,89
01.07.1990	360,03	11,73	21,42	130,4	689,79	22,47	41,04
01.08.1990	330,75	11,78	21,58	131,6	627,91	22,37	40,97
01.09.1990	315,41	11,83	21,74	132,7	593,83	22,27	40,93
01.10.1990	307,12	11,93	21,61	133,5	574,75	22,32	40,44
01.11.1990	315,29	12,01	21,47	133,8	588,72	22,43	40,1
01.12.1990	328,75	12,09	21,34	133,8	613,85	22,57	39,85
01.01.1991	325,49	12,11	21,18	134,6	604,15	22,47	39,32
01.02.1991	362,26	12,11	21,03	134,8	671,41	22,45	38,97
01.03.1991	372,28	12,11	20,94	135	688,95	22,41	38,75
01.04.1991	379,68	12,13	20,36	135,2	701,61	22,41	37,63
01.05.1991	377,99	12,14	19,86	135,6	696,43	22,37	36,58
01.06.1991	378,29	12,15	19,41	136	694,93	22,32	35,66
01.07.1991	380,23	12,19	18,84	136,2	697,47	22,37	34,56
01.08.1991	389,4	12,24	18,33	136,6	712,2	22,38	33,52
01.09.1991	387,2	12,28	17,82	137,2	705,08	22,36	32,45
01.10.1991	386,88	12,25	17,2	137,4	703,47	22,28	31,28
01.11.1991	385,92	12,23	16,59	137,8	699,68	22,17	30,07
01.12.1991	388,51	12,2	15,97	137,9	703,87	22,1	28,93
01.01.1992	416,08	12,24	16,05	138,1	752,73	22,14	29,03
01.02.1992	412,56	12,28	16,12	138,6	743,67	22,14	29,06
01.03.1992	407,36	12,32	16,19	139,3	730,6	22,1	29,04
01.04.1992	407,41	12,32	16,48	139,5	729,65	22,06	29,52
01.05.1992	414,81	12,32	16,77	139,7	741,83	22,03	29,99
01.06.1992	408,27	12,32	17,05	140,2	727,53	21,95	30,38
01.07.1992	415,05	12,34	17,38	140,5	738,04	21,95	30,9
01.08.1992	417,93	12,37	17,71	140,9	741,05	21,93	31,4
01.09.1992	418,48	12,4	18,04	141,3	739,92	21,92	31,9
01.10.1992	412,5	12,39	18,39	141,8	726,78	21,82	32,4
01.11.1992	422,84	12,38	18,74	142	743,95	21,79	32,97
01.12.1992	435,64	12,39	19,09	141,9	767,01	21,81	33,61
01.01.1993	435,23	12,41	19,34	142,6	762,52	21,75	33,88
01.02.1993	441,7	12,45	19,59	143,1	771,16	21,73	34,2
01.03.1993	450,16	12,48	19,84	143,6	783,19	21,71	34,52
01.04.1993	443,08	12,49	19,67	144	768,73	21,68	34,13
01.05.1993	445,25	12,51	19,5	144,2	771,42	21,67	33,78
01.06.1993	448,06	12,52	19,33	144,4	775,22	21,66	33,44
01.07.1993	447,29	12,52	19,69	144,4	773,88	21,66	34,07
01.08.1993	454,13	12,52	20,05	144,8	783,55	21,6	34,59
01.09.1993	459,24	12,52	20,41	145,1	790,73	21,56	35,14
01.10.1993	463,9	12,54	20,9	145,7	795,46	21,5	35,84
01.11.1993	462,89	12,56	21,39	145,8	793,18	21,52	36,65
01.12.1993	465,95	12,58	21,89	145,8	798,43	21,56	37,51
01.01.1994	472,99	12,62	22,16	146,2	808,27	21,57	37,86
01.02.1994	471,58	12,67	22,43	146,7	803,12	21,57	38,2
01.03.1994	463,81	12,71	22,71	147,2	787,2	21,57	38,54
01.04.1994	447,23	12,75	23,54	147,4	758,03	21,62	39,9
01.05.1994	450,9	12,8	24,37	147,5	763,73	21,68	41,28
01.06.1994	454,83	12,84	25,2	148	767,79	21,67	42,54
01.07.1994	451,4	12,87	25,91	148,4	759,94	21,67	43,62
01.08.1994	464,24	12,9	26,62	149	778,41	21,63	44,64
01.09.1994	466,96	12,92	27,33	149,4	780,88	21,61	45,7
01.10.1994	463,81	13,01	28,42	149,5	775,09	21,75	47,49
01.11.1994	461,01	13,1	29,51	149,7	769,38	21,86	49,25
01.12.1994	455,19	13,17	30,6	149,7	759,67	21,98	51,07
01.01.1995	465,25	13,18	31,25	150,3	773,36	21,91	51,95
01.02.1995	481,92	13,18	31,9	150,9	797,88	21,82	52,81
01.03.1995	493,15	13,17	32,55	151,4	813,78	21,73	53,71
01.04.1995	507,91	13,24	33,18	151,9	835,38	21,78	54,57
01.05.1995	523,81	13,31	33,8	152,2	859,83	21,84	55,49
01.06.1995	539,35	13,36	34,43	152,5	883,6	21,89	56,41
01.07.1995	557,37	13,44	34,68	152,5	913,12	22,02	56,82
01.08.1995	559,11	13,51	34,93	152,9	913,57	22,08	57,07
01.09.1995	578,77	13,58	35,18	153,2	943,85	22,15	57,37
01.10.1995	582,92	13,65	34,77	153,7	947,52	22,19	56,52
01.11.1995	595,53	13,72	34,37	153,6	968,65	22,32	55,9
01.12.1995	614,57	13,79	33,96	153,5	1000,27	22,44	55,27
01.01.1996	614,42	13,89	33,99	154,4	994,2	22,48	54,99
01.02.1996	649,54	14	34,01	154,9	1047,63	22,58	54,86
01.03.1996	647,07	14,1	34,04	155,7	1038,29	22,62	54,62
01.04.1996	647,17	14,16	34,33	156,3	1034,46	22,63	54,87
01.05.1996	661,23	14,21	34,62	156,6	1054,91	22,68	55,23
01.06.1996	668,5	14,27	34,91	156,7	1065,83	22,75	55,66
01.07.1996	644,07	14,4	35,27	157	1024,91	22,91	56,13
01.08.1996	662,68	14,53	35,64	157,3	1052,52	23,08	56,6
01.09.1996	674,88	14,66	36	157,8	1068,5	23,21	57
01.10.1996	701,46	14,74	36,91	158,3	1107,07	23,26	58,25
01.11.1996	735,67	14,82	37,82	158,6	1158,87	23,35	59,58
01.12.1996	743,25	14,9	38,73	158,6	1170,81	23,47	61,01
01.01.1997	766,22	14,95	39,23	159,1	1203,2	23,48	61,61
01.02.1997	798,39	15,01	39,74	159,6	1249,79	23,49	62,2
01.03.1997	792,16	15,06	40,24	160	1236,94	23,52	62,83
01.04.1997	763,93	15,09	40,34	160,2	1191,37	23,54	62,92
01.05.1997	833,09	15,13	40,45	160,1	1300,03	23,61	63,12
01.06.1997	876,29	15,16	40,55	160,3	1365,74	23,63	63,2
01.07.1997	925,29	15,22	40,58	160,5	1440,31	23,69	63,17
01.08.1997	927,24	15,27	40,61	160,8	1440,66	23,73	63,1
01.09.1997	937,02	15,33	40,64	161,2	1452,24	23,76	62,99
01.10.1997	951,16	15,39	40,33	161,6	1470,5	23,79	62,36
01.11.1997	938,92	15,44	40,03	161,5	1452,48	23,89	61,92
01.12.1997	962,37	15,5	39,72	161,3	1490,6	24,01	61,52
01.01.1998	963,36	15,55	39,66	161,6	1489,37	24,04	61,31
01.02.1998	1023,74	15,6	39,6	161,9	1579,78	24,07	61,11
01.03.1998	1076,83	15,64	39,54	162,2	1658,63	24,09	60,9
01.04.1998	1112,2	15,75	39,35	162,5	1709,95	24,21	60,5
01.05.1998	1108,42	15,85	39,16	162,8	1701	24,32	60,1
01.06.1998	1108,39	15,95	38,97	163	1698,87	24,45	59,73
01.07.1998	1156,58	16,02	38,68	163,2	1770,56	24,52	59,21
01.08.1998	1074,62	16,08	38,38	163,4	1643,07	24,59	58,69
01.09.1998	1020,64	16,14	38,09	163,6	1558,63	24,65	58,17
01.10.1998	1032,47	16,17	37,96	164	1572,85	24,63	57,83
01.11.1998	1144,43	16,18	37,84	164	1743,41	24,65	57,64
01.12.1998	1190,05	16,2	37,71	163,9	1814,01	24,69	57,48
01.01.1999	1248,77	16,28	37,93	164,3	1898,89	24,76	57,68
01.02.1999	1246,58	16,37	38,16	164,5	1893,25	24,86	57,95
01.03.1999	1281,66	16,45	38,38	165	1940,63	24,91	58,11
01.04.1999	1334,76	16,45	39,26	166,2	2006,44	24,73	59,02
01.05.1999	1332,07	16,45	40,14	166,2	2002,4	24,73	60,34
01.06.1999	1322,55	16,45	41,02	166,2	1988,09	24,73	61,66
01.07.1999	1380,99	16,51	42	166,7	2069,71	24,75	62,95
01.08.1999	1327,49	16,58	42,98	167,1	1984,76	24,78	64,26
01.09.1999	1318,17	16,64	43,96	167,9	1961,44	24,76	65,41
01.10.1999	1300,01	16,66	45,36	168,2	1930,97	24,74	67,38
01.11.1999	1391	16,67	46,77	168,3	2064,89	24,75	69,42
01.12.1999	1428,68	16,69	48,17	168,3	2120,83	24,78	71,51
01.01.2000	1425,59	16,71	49,1	168,8	2109,97	24,74	72,67
01.02.2000	1388,87	16,74	50,02	169,8	2043,52	24,63	73,6
01.03.2000	1442,21	16,76	50,95	171,2	2104,65	24,46	74,35
01.04.2000	1461,36	16,74	51,27	171,3	2131,35	24,41	74,78
01.05.2000	1418,48	16,72	51,6	171,5	2066,39	24,36	75,16
01.06.2000	1461,96	16,7	51,92	172,4	2118,62	24,2	75,24
01.07.2000	1473	16,58	52,51	172,8	2129,67	23,98	75,92
01.08.2000	1485,46	16,47	53,11	172,8	2147,69	23,81	76,78
01.09.2000	1468,05	16,35	53,7	173,7	2111,52	23,52	77,24
01.10.2000	1390,14	16,32	52,47	174	1996,01	23,44	75,33
01.11.2000	1378,04	16,3	51,23	174,1	1977,5	23,39	73,52
01.12.2000	1330,93	16,27	50	174	1911	23,36	71,79
01.01.2001	1335,63	16,17	48,48	175,1	1905,7	23,07	69,17
01.02.2001	1305,75	16,07	46,96	175,8	1855,65	22,84	66,74
01.03.2001	1185,85	15,97	45,44	176,2	1681,43	22,64	64,43
01.04.2001	1189,84	15,88	42,56	176,9	1680,41	22,42	60,1
01.05.2001	1270,37	15,78	39,67	177,7	1786,06	22,19	55,78
01.06.2001	1238,71	15,69	36,79	178	1738,62	22,02	51,64
01.07.2001	1204,45	15,71	33,96	177,5	1695,29	22,11	47,8
01.08.2001	1178,5	15,72	31,14	177,5	1658,77	22,13	43,83
01.09.2001	1044,64	15,74	28,31	178,3	1463,76	22,06	39,67
01.10.2001	1076,59	15,74	27,1	177,7	1513,62	22,13	38,11
01.11.2001	1129,68	15,74	25,9	177,4	1590,95	22,17	36,47
01.12.2001	1144,93	15,74	24,69	176,7	1618,81	22,25	34,91
01.01.2002	1140,21	15,74	24,69	177,1	1608,5	22,2	34,83
01.02.2002	1100,67	15,73	24,7	177,8	1546,61	22,11	34,7
01.03.2002	1153,79	15,73	24,7	178,8	1612,18	21,98	34,51
01.04.2002	1111,93	15,83	25,38	179,8	1545,05	22	35,27
01.05.2002	1079,25	15,94	26,06	179,8	1499,64	22,14	36,21
01.06.2002	1014,02	16,04	26,74	179,9	1408,22	22,28	37,14
01.07.2002	903,59	15,96	27,84	180,1	1253,46	22,14	38,62
01.08.2002	912,55	15,88	28,94	180,7	1261,69	21,96	40,01
01.09.2002	867,81	15,8	30,04	181	1197,84	21,81	41,46
01.10.2002	854,63	15,89	29,22	181,3	1177,7	21,9	40,27
01.11.2002	909,93	15,98	28,41	181,3	1253,9	22,02	39,15
01.12.2002	899,18	16,07	27,59	180,9	1241,83	22,19	38,1
01.01.2003	895,84	16,12	28,5	181,7	1231,77	22,16	39,19
01.02.2003	837,03	16,17	29,41	183,1	1142,11	22,06	40,13
01.03.2003	846,63	16,22	30,32	184,2	1148,31	22	41,12
01.04.2003	890,03	16,2	31,73	183,8	1209,8	22,02	43,13
01.05.2003	935,96	16,19	33,14	183,5	1274,31	22,04	45,12
01.06.2003	988	16,17	34,55	183,7	1343,7	21,99	46,99
01.07.2003	992,54	16,31	35,89	183,9	1348,41	22,16	48,76
01.08.2003	989,53	16,45	37,24	184,6	1339,22	22,26	50,4
01.09.2003	1019,44	16,59	38,58	185,2	1375,23	22,38	52,04
01.10.2003	1038,73	16,86	41,97	185	1402,77	22,76	56,67
01.11.2003	1049,9	17,12	45,35	184,5	1421,69	23,19	61,41
01.12.2003	1080,64	17,39	48,74	184,3	1464,91	23,57	66,07
01.01.2004	1132,52	17,6	49,83	185,2	1527,77	23,74	67,22
01.02.2004	1143,36	17,81	50,91	186,2	1534,11	23,9	68,31
01.03.2004	1123,98	18,02	52	187,4	1498,45	24,02	69,32
01.04.2004	1133,36	18,21	53,38	188	1506,14	24,2	70,94
01.05.2004	1102,78	18,41	54,77	189,1	1456,97	24,32	72,36
01.06.2004	1132,76	18,6	56,15	189,7	1491,85	24,5	73,95
01.07.2004	1105,85	18,79	56,69	189,4	1458,71	24,78	74,78
01.08.2004	1088,94	18,97	57,23	189,5	1435,65	25,01	75,45
01.09.2004	1117,66	19,16	57,77	189,9	1470,41	25,21	76
01.10.2004	1117,21	19,25	58,03	190,9	1462,12	25,2	75,95
01.11.2004	1168,94	19,35	58,29	191	1529,02	25,31	76,25
01.12.2004	1199,21	19,44	58,55	190,3	1574,38	25,52	76,87
01.01.2005	1181,41	19,7	59,11	190,7	1547,76	25,81	77,44
01.02.2005	1199,63	19,97	59,66	191,8	1562,62	26,01	77,72
01.03.2005	1194,9	20,23	60,22	193,3	1544,38	26,15	77,83
01.04.2005	1164,43	20,46	61,23	194,6	1494,94	26,27	78,61
01.05.2005	1178,28	20,7	62,25	194,4	1514,28	26,6	80
01.06.2005	1202,25	20,93	63,26	194,5	1544,29	26,88	81,26
01.07.2005	1222,24	21,11	64,33	195,4	1562,74	26,99	82,25
01.08.2005	1224,27	21,29	65,4	196,4	1557,36	27,08	83,19
01.09.2005	1225,92	21,47	66,47	198,8	1540,64	26,98	83,53
01.10.2005	1191,96	21,72	67,59	199,2	1494,95	27,24	84,77
01.11.2005	1237,37	21,97	68,71	197,6	1564,47	27,78	86,87
01.12.2005	1262,07	22,22	69,83	196,8	1602,18	28,21	88,65
01.01.2006	1278,73	22,41	70,78	198,3	1611,05	28,23	89,17
01.02.2006	1276,65	22,59	71,72	198,7	1605,2	28,41	90,18
01.03.2006	1293,74	22,78	72,67	199,8	1617,73	28,48	90,87
01.04.2006	1302,17	23	73,28	201,5	1614,53	28,52	90,85
01.05.2006	1290,01	23,22	73,88	202,5	1591,56	28,65	91,15
01.06.2006	1253,17	23,44	74,49	202,9	1543,06	28,86	91,72
01.07.2006	1260,24	23,66	75,85	203,5	1547,19	29,05	93,12
01.08.2006	1287,15	23,88	77,21	203,9	1577,12	29,26	94,6
01.09.2006	1317,74	24,1	78,57	202,9	1622,56	29,67	96,75
01.10.2006	1363,38	24,36	79,55	201,8	1687,91	30,16	98,49
01.11.2006	1388,64	24,62	80,53	201,5	1721,74	30,53	99,85
01.12.2006	1416,42	24,88	81,51	201,8	1753,58	30,8	100,91
01.01.2007	1424,16	25,08	82,06	202,42	1757,79	30,96	101,28
01.02.2007	1444,8	25,29	82,6	203,5	1773,78	31,04	101,41
01.03.2007	1406,95	25,49	83,15	205,35	1711,72	31,01	101,16
01.04.2007	1463,64	25,72	83,74	206,69	1769,2	31,09	101,22
01.05.2007	1511,14	25,94	84,33	207,95	1815,52	31,17	101,32
01.06.2007	1514,19	26,17	84,92	208,35	1815,67	31,38	101,83
01.07.2007	1520,71	26,44	82,81	208,3	1823,95	31,71	99,33
01.08.2007	1454,62	26,71	80,71	207,92	1747,89	32,1	96,98
01.09.2007	1497,12	26,98	78,6	208,49	1794,01	32,33	94,19
01.10.2007	1539,66	27,23	74,46	208,94	1841,05	32,56	89,04
01.11.2007	1463,39	27,48	70,32	210,18	1739,52	32,67	83,59
01.12.2007	1479,22	27,73	66,18	210,04	1759,52	32,98	78,72
01.01.2008	1378,76	27,92	64,25	211,08	1631,91	33,05	76,05
01.02.2008	1354,87	28,11	62,32	211,69	1598,99	33,17	73,55
01.03.2008	1316,94	28,3	60,39	213,53	1540,87	33,11	70,66
01.04.2008	1370,47	28,44	57,38	214,82	1593,83	33,07	66,74
01.05.2008	1403,22	28,57	54,38	216,63	1618,29	32,95	62,71
01.06.2008	1341,25	28,71	51,37	218,81	1531,39	32,78	58,65
01.07.2008	1257,33	28,76	49,56	219,96	1428,08	32,66	56,29
01.08.2008	1281,47	28,8	47,76	219,09	1461,33	32,85	54,46
01.09.2008	1216,95	28,85	45,95	218,78	1389,68	32,94	52,47
01.10.2008	968,8	28,7	35,59	216,57	1117,59	33,1	41,06
01.11.2008	883,04	28,54	25,24	212,43	1038,55	33,57	29,68
01.12.2008	877,56	28,39	14,88	210,23	1042,89	33,74	17,68
01.01.2009	865,58	28,01	12,21	211,14	1024,2	33,15	14,44
01.02.2009	805,23	27,64	9,53	212,19	948,08	32,54	11,22
01.03.2009	757,13	27,26	6,86	212,71	889,28	32,02	8,06
01.04.2009	848,15	26,7	7,08	213,24	993,71	31,29	8,29
01.05.2009	902,41	26,15	7,29	213,86	1054,23	30,55	8,52
01.06.2009	926,12	25,59	7,51	215,69	1072,72	29,64	8,7
01.07.2009	935,82	25,03	9,19	215,35	1085,67	29,03	10,66
01.08.2009	1009,73	24,46	10,86	215,83	1168,8	28,32	12,57
01.09.2009	1044,55	23,9	12,54	215,97	1208,35	27,65	14,51
01.10.2009	1067,66	23,4	25,35	216,18	1233,89	27,05	29,3
01.11.2009	1088,07	22,91	38,16	216,33	1256,59	26,45	44,07
01.12.2009	1110,38	22,41	50,97	215,95	1284,62	25,93	58,97
01.01.2010	1123,58	22,24	54,29	216,69	1295,46	25,64	62,6
01.02.2010	1089,16	22,07	57,61	216,74	1255,47	25,44	66,41
01.03.2010	1152,05	21,9	60,93	217,63	1322,53	25,14	69,95
01.04.2010	1197,32	21,95	62,99	218,01	1372,11	25,15	72,18
01.05.2010	1125,06	21,99	65,04	218,18	1288,31	25,18	74,48
01.06.2010	1083,36	22,04	67,1	217,97	1241,77	25,26	76,91
01.07.2010	1079,8	22,14	68,69	218,01	1237,43	25,38	78,71
01.08.2010	1087,28	22,25	70,27	218,31	1244,28	25,46	80,42
01.09.2010	1122,08	22,35	71,86	218,44	1283,36	25,56	82,19
01.10.2010	1171,58	22,48	73,69	218,71	1338,31	25,68	84,18
01.11.2010	1198,89	22,6	75,52	218,8	1368,93	25,81	86,23
01.12.2010	1241,53	22,73	77,35	219,18	1415,18	25,91	88,17
01.01.2011	1282,62	22,96	78,67	220,22	1455,09	26,05	89,25
01.02.2011	1321,12	23,2	79,99	221,31	1491,41	26,19	90,3
01.03.2011	1304,49	23,43	81,31	223,47	1458,42	26,19	90,9
01.04.2011	1331,51	23,73	82,16	224,91	1479,1	26,36	91,27
01.05.2011	1338,31	24,04	83,02	225,96	1479,69	26,58	91,79
01.06.2011	1287,29	24,34	83,87	225,72	1424,81	26,94	92,83
01.07.2011	1325,19	24,62	84,91	225,92	1465,46	27,23	93,89
01.08.2011	1185,31	24,9	85,94	226,54	1307,17	27,46	94,78
01.09.2011	1173,88	25,18	86,98	226,89	1292,6	27,73	95,78
01.10.2011	1207,22	25,6	86,97	226,42	1332,06	28,24	95,96
01.11.2011	1226,42	26,01	86,96	226,23	1354,39	28,73	96,03
01.12.2011	1243,32	26,43	86,95	225,67	1376,45	29,26	96,26
01.01.2012	1300,58	26,74	87,48	226,66	1433,53	29,47	96,42
01.02.2012	1352,49	27,04	88,01	227,66	1484,21	29,68	96,58
01.03.2012	1389,24	27,35	88,54	229,39	1513,05	29,79	96,43
01.04.2012	1386,43	27,67	88,33	230,09	1505,44	30,05	95,92
01.05.2012	1341,27	28	88,13	229,81	1458,12	30,44	95,8
01.06.2012	1323,48	28,32	87,92	229,48	1440,89	30,83	95,72
01.07.2012	1359,78	28,74	87,45	229,1	1482,83	31,34	95,36
01.08.2012	1403,45	29,17	86,97	230,38	1521,98	31,63	94,32
01.09.2012	1443,42	29,59	86,5	231,41	1558,37	31,95	93,39
01.10.2012	1437,82	30,14	86,5	231,32	1552,93	32,56	93,43
01.11.2012	1394,51	30,7	86,51	230,22	1513,32	33,31	93,88
01.12.2012	1422,29	31,25	86,51	229,6	1547,63	34	94,13
01.01.2013	1480,4	31,54	86,91	230,28	1606,12	34,21	94,29
01.02.2013	1512,31	31,82	87,3	232,17	1627,41	34,25	93,95
01.03.2013	1550,83	32,11	87,7	232,77	1664,51	34,46	94,13
01.04.2013	1570,7	32,5	88,78	232,53	1687,59	34,92	95,39
01.05.2013	1639,84	32,88	89,87	232,94	1758,74	35,27	96,38
01.06.2013	1618,77	33,27	90,95	233,5	1731,99	35,6	97,31
01.07.2013	1668,68	33,65	92,09	233,6	1784,69	35,99	98,49
01.08.2013	1670,09	34,02	93,23	233,88	1784,05	36,34	99,59
01.09.2013	1687,17	34,4	94,37	234,15	1800,2	36,7	100,69
01.10.2013	1720,03	34,6	96,31	233,55	1840	37,01	103,03
01.11.2013	1783,54	34,79	98,26	233,07	1911,84	37,3	105,33
01.12.2013	1807,78	34,99	100,2	233,05	1937,99	37,51	107,42
01.01.2014	1822,36	35,4	100,42	233,92	1946,38	37,81	107,25
01.02.2014	1817,04	35,82	100,63	234,78	1933,55	38,11	107,09
01.03.2014	1863,52	36,23	100,85	236,29	1970,32	38,31	106,63
01.04.2014	1864,26	36,61	101,61	237,07	1964,63	38,58	107,08
01.05.2014	1889,77	37	102,36	237,9	1984,58	38,85	107,5
01.06.2014	1947,09	37,38	103,12	238,34	2040,98	39,18	108,09
01.07.2014	1973,1	37,75	104,07	238,25	2069,05	39,59	109,13
01.08.2014	1961,53	38,12	105,01	237,85	2060,36	40,04	110,3
01.09.2014	1993,23	38,49	105,96	238,03	2092,08	40,4	111,21
01.10.2014	1937,27	38,81	104,74	237,43	2038,46	40,83	110,21
01.11.2014	2044,57	39,12	103,53	236,15	2163,05	41,39	109,53
01.12.2014	2054,27	39,44	102,31	234,81	2185,7	41,96	108,86
01.01.2015	2028,18	39,9	101,29	233,71	2168,15	42,65	108,28
01.02.2015	2082,2	40,35	100,27	234,72	2216,27	42,95	106,73
01.03.2015	2079,99	40,81	99,25	236,12	2200,82	43,18	105,02
01.04.2015	2094,86	41,12	97,8	236,6	2212,06	43,42	103,27
01.05.2015	2111,94	41,43	96,36	237,81	2218,78	43,53	101,23
01.06.2015	2099,29	41,74	94,91	238,64	2197,79	43,7	99,36
01.07.2015	2094,14	42	93,49	238,65	2192,26	43,96	97,87
01.08.2015	2039,87	42,25	92,08	238,32	2138,47	44,3	96,53
01.09.2015	1944,41	42,51	90,66	237,94	2041,58	44,63	95,19
01.10.2015	2024,81	42,8	89,28	237,84	2126,95	44,96	93,79
01.11.2015	2080,62	43,1	87,91	237,34	2190,2	45,37	92,54
01.12.2015	2054,08	43,39	86,53	236,53	2169,67	45,83	91,4
01.01.2016	1918,6	43,55	86,5	236,92	2023,23	45,93	91,22
01.02.2016	1904,42	43,72	86,47	237,11	2006,62	46,06	91,11
01.03.2016	2021,95	43,88	86,44	238,13	2121,32	46,04	90,69
01.04.2016	2075,54	44,07	86,6	239,26	2167,27	46,02	90,43
01.05.2016	2065,55	44,27	86,76	240,23	2148,15	46,04	90,23
01.06.2016	2083,89	44,46	86,92	241,02	2160,13	46,09	90,1
01.07.2016	2148,9	44,65	87,64	240,63	2231,13	46,36	91
01.08.2016	2170,95	44,84	88,37	240,85	2251,95	46,51	91,66
01.09.2016	2157,69	45,03	89,09	241,43	2232,83	46,6	92,19
01.10.2016	2143,02	45,25	90,91	241,73	2214,89	46,77	93,96
01.11.2016	2164,99	45,48	92,73	241,35	2241,08	47,07	95,99
01.12.2016	2246,63	45,7	94,55	241,43	2324,83	47,29	97,84
01.01.2017	2275,12	45,93	96,46	242,84	2340,67	47,25	99,24
01.02.2017	2329,91	46,15	98,38	243,6	2389,52	47,33	100,89
01.03.2017	2366,82	46,38	100,29	243,8	2425,4	47,53	102,77
01.04.2017	2359,31	46,66	101,53	244,52	2410,56	47,67	103,74
01.05.2017	2395,35	46,94	102,78	244,73	2445,29	47,92	104,92
01.06.2017	2433,99	47,22	104,02	244,96	2482,48	48,16	106,09
01.07.2017	2454,1	47,54	105,04	244,79	2504,72	48,52	107,21
01.08.2017	2456,22	47,85	106,06	245,52	2499,4	48,69	107,92
01.09.2017	2492,84	48,17	107,08	246,82	2523,31	48,76	108,39
01.10.2017	2557	48,42	108,01	246,66	2589,89	49,05	109,4
01.11.2017	2593,61	48,68	108,95	246,67	2626,9	49,3	110,35
01.12.2017	2664,34	48,93	109,88	246,52	2700,13	49,59	111,36
01.01.2018	2789,8	49,29		247,87	2811,96	49,68	
01.02.2018	2705,16	49,64		248,99	2714,34	49,81	
01.03.2018	2702,77	50		249,55	2705,82	50,06	
01.04.2018	2642,19			249,84	2642,19		
