Aachen-Orsbach;STAT;JJJJMMDD;QN;TG;TN;TM;TX;RFM;FM;FX;SO;NM;RR;PM
10505;20190610;1;8;10,5;15,3;22;78,8;2;13,4;4,2;7,2;22,4;985,1;
10505;20190609;1;7,8;9,2;15;19,5;64,8;2;8,1;5,8;6,7;0;993,9;
10505;20190608;1;9,2;10,6;13,5;17,8;64,7;5;22,7;5,5;5;0,1;990,1;
10505;20190607;1;5,9;7,7;14,7;23,4;67,7;4;20,1;8,5;6,1;0,2;982,4;
10505;20190606;1;7,2;8,5;12,9;17,4;78,3;3;13,4;6,3;5;0;985;
10505;20190605;1;14,5;14,7;18,5;21,8;78;2;10,1;7,9;6,2;25,5;979,8;
10505;20190604;1;9,6;11,5;19,7;26,7;72,7;3;20,6;6,9;6,8;0,1;981,8;
10505;20190603;1;13,9;14,8;18,2;20,9;79,5;2;13,1;2,8;7,2;0;986,4;
10505;20190602;1;13;15,2;23,1;28,7;56,6;3;10,1;14,8;1,3;10,8;987,1;
10505;20190601;1;7,2;10,4;18,8;25,7;68,9;2;5,7;14;6,3;0;994,1;
10505;20190531;1;7,6;10,9;16,1;20,7;73,3;3;9,4;8,8;4,8;0;997,4;
10505;20190530;1;12;12,7;15,1;19;77;3;10,2;2;7,1;0;995,8;
10505;20190529;1;1,6;4;12,3;18,6;68,6;2;8;14;1,4;0;993,2;
10505;20190528;1;4,6;7,6;10,4;13,3;87,5;3;14,1;1,2;6,9;11,8;982,7;
10505;20190527;1;9,1;10,7;14;17,7;78,7;3;9,6;3,2;7,5;0;982,4;
10505;20190526;1;8,1;9,4;14,8;19,3;76,7;3;11,4;5,6;7,3;7,1;987;
10505;20190525;1;2,9;6,2;12,3;18,2;72,8;2;9;7,5;4;0;989,9;
10505;20190524;1;4,7;8,3;15,9;21,6;57,7;3;10,1;8,7;7,2;0;988,1;
10505;20190523;1;3,5;7,1;14,8;20,8;61;2;8,4;12,8;6,6;0;990,7;
10505;20190522;1;5,4;8,4;12,3;18,2;72,9;2;6,7;6,3;6,6;0;992;
10505;20190521;1;9,2;9,3;10,6;13,5;94,1;3;10,6;0,2;7,8;6,3;986,7;
10505;20190520;1;10,2;10,6;12;13,8;93,6;3;9,5;0;7,8;0,6;981,1;
10505;20190519;1;9,9;11,1;14,1;18,8;88,1;2;6,7;2,6;7,6;2,9;978,4;
10505;20190518;1;6,1;7,5;12,3;18,4;90;2;7,7;2,7;7,4;17,1;978,7;
10505;20190517;1;7,6;7,4;9,5;11,5;95,9;2;6,3;0;7,6;1,8;979,7;
10505;20190516;1;-0,7;3,9;9,8;15,3;66;2;8,5;8,5;5;2,9;989;
10505;20190515;1;-1,7;3,1;9,8;15;51,5;3;10,3;14,4;0,4;0;997,2;
10505;20190514;1;0,1;3,9;9,3;14,4;60,2;3;10,6;13,9;3;0;1003,8;
10505;20190513;1;0,6;2,2;8,9;14,3;57,3;3;11;14,2;2,9;0;1009,2;
10505;20190512;1;-0,9;2,7;8;12,9;67,5;2;7,7;6,8;4,5;0;1005;
10505;20190511;3;1,9;4,8;9,8;14,6;79,5;3;12,4;4,1;6;0,6;987,4;
10505;20190510;3;7,4;7,8;10,4;15,5;79,7;3;11,1;4,6;6,9;9,7;981,7;
10505;20190509;3;6,1;7,2;10,5;15,6;80,5;3;15;4,9;6,6;2,3;971,7;
10505;20190508;3;6,1;7;9,5;12,1;79,2;3;12,4;0;7,8;4,6;973,7;
10505;20190507;3;1,7;3,5;8;12,7;69,3;2;8,1;4,1;7,4;0,1;989;
10505;20190506;3;-1,7;0,9;5,3;11,1;79,7;3;11,1;1,2;6,9;0,3;993,2;
10505;20190505;3;-1,7;0,2;4,4;9,8;80,5;3;12,3;2,5;5,3;0,9;992,4;
10505;20190504;3;-1,6;0,4;3,8;8,9;84;2;12,7;4,2;5,6;3;984;
10505;20190503;3;5,2;5,1;7,9;11,8;82,3;2;7,9;0,8;7,7;13,4;984,7;
10505;20190502;3;0,4;4,1;8,9;15,1;87,4;3;12,9;2,9;6,6;1,9;984;
10505;20190501;3;0,2;3,5;9,2;15,1;83,4;2;5,7;6,4;4,5;0;989,4;
10505;20190430;3;1,6;5,4;10,6;15,5;75,5;2;8,2;8,1;4;0;994,3;
10505;20190429;3;-2,1;1,8;9,3;14,7;72,4;2;8;6,7;4,3;0;995,8;
10505;20190428;3;-0,6;3,3;7,1;11,4;81,2;3;9,2;1,8;6,2;0,5;990,6;
10505;20190427;3;6,2;6,2;8,7;11,6;77;4;17,6;3,1;6,3;3,3;985,6;
10505;20190426;3;4,5;6,7;10,7;15,9;74,4;3;15,2;4,3;6,6;2,3;985,6;
10505;20190425;3;7,5;8,6;11,8;17,6;70,9;4;17,8;2,9;6,1;4,2;979,1;
10505;20190424;3;7,5;8,7;15,7;23,4;62,7;4;17,9;6,7;6;11,3;973,4;
10505;20190423;3;8,2;9,6;14,3;19,4;55,3;4;13,7;5,6;7,2;0;971,4;
10505;20190422;3;3,4;7,9;16,2;22,9;44,2;3;12,1;12,2;3;0;980,7;
10505;20190421;3;2,7;7,4;15,4;22,1;48,3;3;10,7;13,1;0;0;991,9;
10505;20190420;3;2,5;9,1;16,3;22,7;45;2;9,6;13,1;0;0;999,6;
10505;20190419;3;2,3;7,6;15,4;22,3;47,6;3;9,9;13;1,1;0;999,2;
10505;20190418;3;5;7,4;14,3;20;53;3;12,9;12,9;1,5;0;995,9;
10505;20190417;3;5,7;8,4;11,2;15,4;83,5;2;5,8;2,1;6,3;0,2;993,2;
10505;20190416;3;1;3,4;11,2;18,3;62,8;3;11,1;8,1;5,9;0,7;988,7;
10505;20190415;3;-5,6;-0,8;7,7;16;69,3;3;12,2;10,3;1,5;0;994;
10505;20190414;3;-2,8;0,3;4,2;9,8;73,1;3;9,9;5,3;4,9;0,1;995,5;
10505;20190413;3;-4;-1,9;1,7;5,8;74;2;11,6;5,9;3,9;0,2;995,4;
10505;20190412;3;-3,3;-0,3;3,2;7,1;61,7;3;10,4;1,9;7;0;995,7;
10505;20190411;3;-4;-0,5;5;10,3;59,8;3;8,8;11,6;0,5;0;993,6;
10505;20190410;3;-0,2;2,8;7,2;11,9;64,7;3;9,6;11,7;5;0;987;
10505;20190409;3;6,3;7,9;10,6;13,6;83,8;2;6,9;0;7,3;0,1;983,3;
10505;20190408;3;9,2;9,3;10,9;14,4;89,7;2;6,3;3,3;6,7;0,9;982,4;
10505;20190407;3;0,9;5,8;12,5;18,2;68,3;2;10,7;11,8;3,6;0;977,6;
10505;20190406;3;2,8;5,3;9,8;15,6;75,6;2;10,4;7,5;7,9;0;976,7;
10505;20190405;3;-3,5;1,3;6,1;10,3;81,1;3;7,8;5,2;7;0;977,8;
10505;20190404;3;-2,1;2,4;5,1;8,7;81;2;8,1;1,3;7,4;0;973,2;
10505;20190403;3;2,2;3,6;5,7;8;81,8;2;9,1;0;7,5;0,3;974,1;
10505;20190402;3;5,2;5,9;10,2;14,3;72,3;4;14,5;2,5;6,5;6,8;979,3;
10505;20190401;3;-0,4;0,8;8;15;68,4;3;8,9;11,8;0;0;991,5;
10505;20190331;3;0,3;4,3;8,7;12;74,7;3;10,2;10,7;3;0;994,5;
10505;20190330;3;1;8;12,5;17;58;3;10,1;11,8;1;0;994,3;
10505;20190329;3;-1,2;2,7;10;16,5;71,1;3;10,4;11,8;0;0;1001,5;
10505;20190328;3;-0,9;4,5;7,9;11,2;75,5;2;4,4;0,5;6,2;0;1006,5;
10505;20190327;3;-1,5;2,6;6,3;10,1;75,5;1;3,6;2,4;6,9;0;1005,2;
10505;20190326;3;-0,4;3,6;5,5;7,8;76;2;6,6;0,7;7,8;0;1003,2;
10505;20190325;3;0,9;2,4;5,4;9,2;76;4;16,9;4,4;6,2;0,5;996,5;
10505;20190324;3;-1,6;1,7;6,9;10,8;76,6;2;7,3;5,4;4,6;0;998,9;
10505;20190323;3;0,4;4,8;7,7;9,6;85,4;2;5,3;0;7,9;0;1001,6;
10505;20190322;3;-1,2;4,6;12;19;62,1;2;5,5;11,4;4,3;0;1001;
10505;20190321;3;-1,5;3,9;10,1;15,3;68,5;2;5,3;11,2;4,3;0;1005,4;
10505;20190320;3;-2,2;2,6;7,6;11,6;71,7;3;8;1;6,5;0;1005,3;
10505;20190319;3;-5,6;-1,1;4,4;9,6;71,4;2;7,3;6,8;3;0;1000,1;
10505;20190318;3;-4,6;0,7;3,9;7,8;75,2;3;11,7;2,5;4,1;0,1;990,3;
10505;20190317;3;0,6;1,3;5,8;9,5;78,7;5;17,7;1,9;7;5,2;976,8;
10505;20190316;3;6,9;6,8;8,8;10,1;83,8;5;19,1;0,1;7;2;980,3;
10505;20190315;3;4,6;5,6;8,6;10,6;90,8;5;21,8;0;7,4;30,7;979,1;
10505;20190314;3;4,2;4,6;6,4;10,3;83,6;5;20,8;0,3;7,4;16,4;977;
10505;20190313;3;2,3;3,1;4,7;7,1;84,1;5;20,4;0,1;7,4;13,6;978,9;
10505;20190312;3;-0,8;1,1;5,6;9,4;65,7;5;22,8;0,6;7,5;0,5;985,4;
10505;20190311;3;0;0;2,8;6,4;82,5;5;19;2,3;6,5;4,3;991,4;
10505;20190310;3;1,4;2,3;7,1;11,4;79,3;5;29,4;1;7;12;980,6;
10505;20190309;3;5,6;6,3;8,4;10,8;80,7;5;24,9;0,8;7,5;5,8;984,4;
10505;20190308;3;4,3;4,6;6,7;9,5;77,1;4;18;3,5;7,3;4,5;983,3;
10505;20190307;3;4,3;5,1;7,7;11,5;79,3;5;23,8;2,7;6,2;9,2;968,5;
10505;20190306;3;6,4;7,5;9,9;12,1;70;5;15,3;0,2;7,5;1;972,8;
10505;20190305;3;2,2;2,7;5,5;9,1;79,2;4;17,7;2,1;7,3;2,7;978,8;
10505;20190304;3;3,3;3,6;8;12,4;70,4;6;27,2;2,9;7,5;5,9;968,6;
10505;20190303;3;7;7,9;9,7;12,1;80,1;6;21,8;0;7,8;3,4;979,3;
10505;20190302;3;4,3;4,6;7,2;9,4;88,6;4;14,9;0,2;7,6;0,3;987,1;
10505;20190301;3;3,9;4,2;5,9;8,3;95,1;3;11,1;0;7,6;1,3;987,8;
10505;20190228;3;3,7;5,8;8,4;12,3;80,5;4;16,3;2,3;5;6,8;989,3;
10505;20190227;3;-1,6;7,1;13;19,8;50,5;2;5,8;9,9;0;0;997,9;
10505;20190226;3;-2,2;5,8;11,1;17,4;57,6;2;7,5;9,9;0;1005,6;;
10505;20190225;3;-1,4;2,1;10,1;16,2;50,4;2;5,3;9,8;2,7;0;1008,5;
10505;20190224;3;-3,5;0,4;7,3;14,9;47,6;2;6,9;9,8;1,9;0;1008,4;
10505;20190223;3;-3,1;1,1;5,6;11,3;77,6;3;8,7;9,4;3,6;0;1008,4;
10505;20190222;3;-0,2;4,1;8,3;11;91,9;2;5,8;0,4;7,2;0,8;1007,1;
10505;20190221;3;2,6;4,6;8,9;12,3;78,3;3;10,8;1,7;7,6;0,4;999,5;
10505;20190220;3;1,8;3,4;6,3;11,1;76;3;9,7;4,3;6,7;0;995,2;
10505;20190219;3;1,5;3,8;6,7;9,5;76;4;12,8;5,1;5,5;0;991,6;
10505;20190218;3;2,9;6,8;11,1;15,9;46,8;3;11,4;9,2;2,7;0,6;989,9;
10505;20190217;3;-1,9;3,9;11,4;18;46,4;3;10,5;9;6,5;0;993,5;
10505;20190216;3;-0,5;7,2;10,5;14,8;49,4;3;9,9;9,1;3,7;0;997,8;
10505;20190215;3;-2,8;4,1;10,5;17,2;41,9;2;10,6;9,2;0;0;1002,2;
10505;20190214;3;-4,4;1,5;8,4;14,8;42,3;2;5;9,1;4,6;0;1006,3;
10505;20190213;3;-3,2;0,8;3,5;7,3;74,3;2;9;6,1;6,5;0;1007,5;
10505;20190212;3;-2,4;-0,6;2;5,9;88,3;3;8,3;2,1;6;0;1005,8;
10505;20190211;3;-2,3;0;3;5,9;88,4;4;12,8;0,9;5,6;0,1;991,5;
10505;20190210;3;1,9;2,1;6,3;9;88;5;19,6;0;7,4;21,9;969,2;
10505;20190209;3;4,8;6,2;7,4;8,7;74;5;19,8;0,7;7,7;4,5;978,2;
10505;20190208;3;3,1;4,2;6,9;8,4;77,9;5;21;0,3;7,6;3,1;982,1;
10505;20190207;3;2,9;3,9;6,4;8,8;78,8;5;17,7;3;7;1,2;983,5;
10505;20190206;3;0,4;2,4;5,8;8,8;68,3;4;13,3;0,7;8;1,5;993,7;
10505;20190205;3;-3,3;1,1;2,6;4,5;87,4;3;9,6;0;7,5;0;998,5;
10505;20190204;3;-1,6;-0,6;1,6;3,1;72,6;4;16,3;0,7;6,3;0;997,2;
10505;20190203;3;-3,1;-0,4;1,1;4,2;87;2;7,6;4,6;5,4;0;991,6;
10505;20190202;3;-0,2;-0,2;0,5;2,1;98,4;2;6,1;0;7,9;1,9;970,4;
10505;20190201;3;-3,5;-0,9;2,3;5,6;83,5;3;11,5;5,5;6,7;3,6;961,1;
10505;20190131;3;-10,9;-6,1;-3;1,9;85,4;2;9,6;6,7;5,2;0,7;967,2;
10505;20190130;3;-3,6;-2,2;-1,1;0,4;91;3;14,4;0;7,4;6,8;965,4;
10505;20190129;3;-1,7;-0,6;0,8;2,7;81,3;3;10,8;5,5;7,7;0;975,5;
10505;20190128;3;-0,1;0;1,4;4,4;91;5;20,4;0,7;7,3;6,5;969,1;
10505;20190127;3;1,4;1,7;4,3;6,1;90,2;5;16,3;0,3;7,5;11,1;961,2;
10505;20190126;3;2,2;2,5;4,7;6,1;94,7;4;15,7;0;7,7;10;978,3;
10505;20190125;3;-2,3;-1,4;0,1;2,7;90,1;4;12,5;2;7,9;1,1;985,7;
10505;20190124;3;-4,7;-4,7;-3,5;-1,4;82,2;2;5,3;0;8;0,2;982,2;
10505;20190123;3;-10,6;-6,6;-3;-1,3;84,4;3;7,5;0,7;7,8;0;971,7;
10505;20190122;3;-6,3;-3,4;-2;-0,7;67,6;4;12,9;2;7,2;2,2;978,6;
10505;20190121;3;-11,1;-7,1;-3,1;0,7;77;2;6;7,7;0,9;0;992,9;
10505;20190120;3;-10,3;-6,2;-3,3;-0,4;80,3;2;8;7,6;0,4;0;988,1;
10505;20190119;3;-7,3;-3,6;-1,1;2;74,5;3;8,7;6,4;6,7;0;987,1;
10505;20190118;3;-3,9;-2,3;0,1;1,7;86,7;2;8,4;4,5;7,3;0;990,4;
10505;20190117;3;-0,4;0;2,5;4,6;92,7;4;18;0;7,2;4,6;977,9;
10505;20190116;3;2,6;3,5;4,3;4,9;80,5;4;16,5;0,2;7,8;4,2;982;
10505;20190115;3;0,3;1,3;4,3;6;86,3;4;15,7;0,3;7,7;0;991,2;
10505;20190114;3;-0,7;0,7;3,8;6,1;88;0,8;5,4;986,6;;;;
10505;20190113;3;4,9;5,6;6,9;8;95;0;7,7;13,9;980,6;;;
10505;20190112;3;3,6;4;5,2;6,3;93,6;4;15,6;0;7,5;5,4;991,5;
10505;20190111;3;-0,3;-0,1;2,9;5,6;97,6;3;9;0;7,8;2,2;996,7;
10505;20190110;3;-2,4;-1,2;-0,1;1;90,4;2;8,4;0;7,7;0,1;997,9;
10505;20190109;3;0,1;0,7;2,6;4,9;81,1;2,1;7;0,3;991,4;;;
10505;20190108;3;2,4;3,4;5,1;7,7;86,9;0,1;7,3;6,2;990,5;;;
10505;20190107;3;1,7;2,4;4,3;7,3;95,5;3;16,1;0;7,8;9,3;1002,5;
10505;20190106;3;2;2,6;3,4;4,1;96,7;3;8,7;0;7,8;0;1005,1;
10505;20190105;3;2,1;2,1;4,2;5,1;96,8;4;11,5;0;7,6;2,8;1004,2;
10505;20190104;3;0,1;0,6;1,7;2,9;95,7;3;9,9;0;7,8;1,7;1008,8;
10505;20190103;3;-2,6;0,1;2,1;3,5;89,9;2;6,4;0;7,5;0,4;1010,3;
10505;20190102;3;-3,3;-0,3;2,3;4,5;81;3;9,7;0,4;5,2;0;1007,7;
10505;20190101;3;3;3,4;5,5;6,8;91;4;12,8;0;7,5;2,7;1002,4;
10505;20181231;3;6,6;6,8;7,6;8,1;98,4;3;8;0;7,8;0,9;1005,5;
10505;20181230;3;3,8;4,6;6,2;7,3;90,7;3;10,7;0,2;7,7;6,5;1004,9;
10505;20181229;3;2,1;2,1;4,3;7,4;93,2;4;15,1;0;7,7;1,1;1002,9;
10505;20181228;3;-3,8;-1,5;1,4;3,5;81,7;2;6,9;6,1;4;0,1;1001;
10505;20181227;3;-4;1,2;4,2;7,1;59,8;2;5,5;1,6;8;0;998,5;
10505;20181226;3;-5,5;-2,4;0,9;4,7;72,1;2;5,5;6,3;7,4;0;1003,6;
10505;20181225;3;-5,1;-2,3;1,4;4;83,3;2;5,9;3,9;4,7;0;1007,1;
10505;20181224;3;-4,3;0,5;4;6,2;88;2;9,9;1,3;5,6;0;1001,2;
10505;20181223;3;5,1;5,3;8,2;10,9;92,7;4;15;0;7,5;22;990;
10505;20181222;3;5,9;6,8;8,8;10,2;84,7;5;20,6;0,6;7,4;3,2;986,7;
10505;20181221;3;6,5;7,3;9,9;13,1;80,3;6;23,6;0;7,8;7,5;977,8;
10505;20181220;3;4,9;5,9;6,8;7,5;83,8;4;15,1;0;7,6;5;984,1;
10505;20181219;3;4,9;6,2;7,4;9;78,6;4;13,6;2,3;7,1;0,9;983,6;
10505;20181218;3;0,6;4;5,9;8,1;73,4;3;15,3;5,2;5,9;0;991,3;
10505;20181217;3;1,7;3,5;5,2;7,3;86,6;4;12,7;0,7;6;1;990,7;
10505;20181216;3;-1,4;-1,4;1,7;4,3;88,7;3;11,6;0,2;6,8;0,9;983,1;
10505;20181215;3;-3,8;-2;-0,9;0,3;65,6;3;9,3;1,5;7,5;3,2;993,1;
10505;20181214;3;-2,4;-0,9;-0,3;0,5;67,5;3;10,5;0,1;7,7;0;993,7;
10505;20181213;3;-4,6;-1,6;-0,3;0,9;80,9;3;13;6,1;2,7;0;991,6;
10505;20181212;3;-4,2;-0,4;1,1;2,7;92,9;2;6;0,2;4,8;0;996,1;
10505;20181211;3;-1,5;1,2;3;5,3;88,8;3;8;1,5;7,1;0,4;996,2;
10505;20181210;3;0,8;1,9;3,7;6,1;89,8;4;13,7;0,7;6,3;2,6;993,9;
10505;20181209;3;2;2,6;6,7;8,6;86,7;5;21,3;0;7,6;13,3;976,4;
10505;20181208;3;4,5;5,3;7,4;9,7;83;6;22,2;0;7,6;7,6;976,1;
10505;20181207;3;4,4;5,5;9,4;12;85,9;5;24,6;0,6;7,1;7,8;979,9;
10505;20181206;3;8;8,6;10,5;11,5;89,4;4;13,7;0;7,6;0,3;988,4;
10505;20181205;3;-0,9;1,2;6,6;9,8;79;3;14,2;0,9;7,7;0,5;992,8;
10505;20181204;3;-1,8;1,3;5,6;8,9;89,1;3;11,8;3;6,8;0,1;991,8;
10505;20181203;3;8,5;8,9;11,5;12,5;89;4;17,1;0,2;7;6;974,7;
10505;20181202;3;8,2;8,6;11,4;13,4;89,3;5;16,8;0;7,8;23,9;974,1;
10505;20181201;3;4,7;5,8;7,5;9,5;81,9;4;17,7;0,9;6,8;8,4;983,5;
10505;20181130;3;5,5;6,7;9,1;10,8;81;4;10,8;1,2;6,3;0;983,9;
10505;20181129;3;8,1;8,7;9,9;11,4;72,1;4;16,3;0;7,8;0,2;984,7;
10505;20181128;3;1,3;3,1;6,3;9;79,9;4;13,3;0;8;1,1;989,7;
10505;20181127;3;-1;1,6;2,7;4,2;93,3;2;8,4;0;6,7;0;990,6;
10505;20181126;3;2,6;2,6;3,9;4,8;97,2;2;5,3;0;7,9;0,4;983,1;
10505;20181125;3;3;2,7;3,2;4,7;99,5;2;6,9;0;8;0,4;981,8;
10505;20181124;3;0,1;1,1;3,6;5,7;94,3;2;6;0;7,9;6,9;982,4;
10505;20181123;3;-3,5;-0,3;4,4;10,6;83,7;2;5,8;6,8;3,8;0;987,9;
10505;20181122;3;-6,1;-2,5;1,6;5,6;84,2;2;4,8;6,4;4,3;0;990,2;
10505;20181121;3;-2,9;-0,9;2,1;4,5;84;3;9,2;0,9;7,8;0;986,5;
10505;20181120;3;-1,2;0,5;2;3,6;72,8;4;15,7;0,2;6,5;0;979,6;
10505;20181119;3;-3,5;-1,7;2,3;5,1;80,5;4;15,1;0,2;6,5;0;988,9;
10505;20181118;3;-3,2;-1,5;1,4;5,1;69,2;3;9,4;7,2;1,3;0;998,4;
10505;20181117;3;-4,5;0,3;3,7;7,8;73,6;4;12;7,9;0,2;0;1000,2;
10505;20181116;3;-4,2;-0,5;3,7;10,1;83,8;2;7,5;7,9;0;0;998,6;
10505;20181115;3;-2,4;0,4;5,8;11,8;84,7;2;4,8;8;3,3;0;996,8;
10505;20181114;3;0,2;4,2;8,4;13,5;80;2;7,2;8,1;7;0;999,5;
10505;20181113;3;6,5;7,8;9,7;11,9;80;4;16,3;2,7;5,2;0;996,3;
10505;20181112;3;8,3;9;10,4;12,5;91,3;3;9,3;1,2;7,9;0,5;986,4;
10505;20181111;3;9;10,2;11,3;13,1;78,9;4;16,3;1,9;7,1;6,7;979,5;
10505;20181110;3;10;11,2;12,5;13,9;78,8;4;15,5;0;7,9;0,9;975,8;
10505;20181109;3;4;5,7;10,8;14,1;75,8;3;11,9;2,6;7,5;0,6;984,4;
10505;20181108;3;1,1;5;9,3;13,3;79,7;3;10;7,7;7;0;991,1;
10505;20181107;3;8;9,5;11,2;13,6;74,1;4;12,2;1,7;7;0,6;981,1;
10505;20181106;3;6,4;9,3;13,7;17,4;67,1;2;10,4;5,5;7,9;0;979;
10505;20181105;3;1,8;3,4;8,7;13,9;83,1;2;5,6;7,4;6,8;0;980,2;
10505;20181104;3;-1,9;1,5;7,3;14,3;83,4;2;5;8,5;1,9;0;987,7;
10505;20181103;3;-2,9;1,2;4,5;9,3;80,6;2;5,4;7,8;5,4;0;999,1;
10505;20181102;3;-1,8;2,3;7,1;9,6;78,8;3;12,6;4,4;4,6;0;994,4;
10505;20181101;3;3,5;5,1;9;11,8;79,8;3;12,5;0;7,9;3;982,5;
10505;20181031;3;0,1;3,1;7,3;11,2;81,3;3;13,9;0;6,1;0;984,1;
10505;20181030;3;1,9;2,2;5;7,7;88,6;4;22,1;0;7,6;8,7;964,1;
10505;20181029;3;3;3,2;3,9;4,8;86,8;3;12,8;0;7,9;11,3;974,1;
10505;20181028;3;0,9;1,6;3,5;4,9;82,6;3;11,9;0,9;7,6;0;985,2;
10505;20181027;3;-1;2,9;5;8,1;87,7;2;7,9;3;6,5;0;981,3;
10505;20181026;3;4,1;4,8;8,1;9,9;85;3;12,6;0;7,8;4,4;981,8;
10505;20181025;3;8,9;9,1;10,8;11,9;83,6;3;10;0;7,8;0;992;
10505;20181024;3;10,8;10,8;12,3;14,1;93,3;4;12,3;0;7,8;2,8;996,8;
10505;20181023;3;1,5;4,4;9;12;79,7;4;15,8;2;6,8;0,1;999,1;
10505;20181022;3;1,7;4,7;10,2;13,5;77,7;2;10,2;1,2;6,5;1,8;1002,8;
10505;20181021;3;0,2;4,9;10,3;15,6;70,9;2;4,1;9,4;2,7;0;1000,2;
10505;20181020;3;0;3,2;9;13,4;82,2;1;4,4;7,1;4,7;0;1002,1;
10505;20181019;3;3;7,6;12,2;15,2;82,1;2;6,3;6,3;4,8;0;996,7;
10505;20181018;3;9,6;11,3;12,9;16,5;86,8;2;8,9;2,6;6,9;0;995,5;
10505;20181017;3;8;11,5;16,2;20,4;67;2;7,8;8,2;6,9;0;991,8;
10505;20181016;3;7;12,1;17,9;24;54,7;2;6,7;7;4,6;0;990,9;
10505;20181015;3;7,6;13,6;19,2;23,7;47,9;3;9,7;7,6;3,8;0;985,7;
10505;20181014;3;11,6;15,4;19,4;24,5;52,9;3;15,7;7,4;4,5;0;982,8;
10505;20181013;3;11,5;16,6;21;26,5;55,4;3;13;9,9;3,3;0;990,4;
10505;20181012;3;14,3;15,8;19,7;24;63,2;4;12,2;8,2;6;0;991,4;
10505;20181011;3;9,6;14,5;18,8;22,8;60,7;3;12,3;4,5;4,5;0;985;
10505;20181010;3;6,8;10;16,1;21,3;73;3;10,5;10,2;0,1;0;988,6;
10505;20181009;3;3,3;7,7;13,7;20,2;77,3;2;4,1;9,5;6,9;0;993,7;
10505;20181008;3;1,1;4,6;10,3;15,3;73,5;1;3,7;9,9;7,1;0;994,3;
10505;20181007;3;3,8;6,5;11,2;13,8;80,8;2;9,1;3,7;7,1;0,7;990,5;
10505;20181006;3;11,5;13,2;18,1;24,1;59,3;3;11,4;10,1;3,2;13,4;982,1;
10505;20181005;3;4;8,9;15,6;22;64,5;2;7,5;10,6;1,4;0;990,4;
10505;20181004;3;5,4;7,4;12,5;17,3;75,5;2;6,6;3,7;4,7;0;998,5;
10505;20181003;3;5,2;7,4;11,6;15,3;77,6;3;10,2;5,9;5;0;997,5;
10505;20181002;3;6,1;6,5;9,7;13,1;87,8;4;14,9;0,1;7,5;1,1;991,9;
10505;20181001;3;5,2;6;8,7;11,9;82,2;3;17,2;3,2;7;4,5;992;
10505;20180930;3;-0,9;5,5;10,7;15,9;58,7;2;7,4;10,4;2,2;0;990,1;
10505;20180929;3;-0,9;3,1;8,3;13,8;71,3;3;9;10,9;6,2;0;999,2;
10505;20180928;3;1,7;6;10,6;12,9;77,4;2;7,3;0,7;4,1;1,4;998,1;
10505;20180927;3;3,5;8,3;15,4;22,3;52,9;2;6,9;11,1;0;0;999,3;
10505;20180926;3;1;5,1;11,9;18,9;56,3;2;5,3;9,1;3,8;0;1005,7;
10505;20180925;3;0,3;3,7;9,3;13,9;71;2;6,2;9,8;3,4;0;1009,7;
10505;20180924;3;2,2;5,7;8,6;14,4;83,5;3;10,8;4,8;3,6;1,7;1005,4;
10505;20180923;3;7,1;7,4;10;12,4;94,7;3;12,4;0;7,5;19,5;986,4;
10505;20180922;3;8,4;9,2;10,9;15,6;81;3;13,4;2,3;7,5;12,1;992,2;
10505;20180921;3;10,1;11,2;16;20,9;61,2;5;21,9;3,2;5,3;3,3;983;
10505;20180920;3;14,8;16,3;20,4;25,4;56,2;4;15,5;9,2;7;0;988,6;
10505;20180919;3;11,2;14,2;20,5;26,8;62,4;4;15,3;9,7;5,1;0;990,4;
10505;20180918;3;12,1;15,8;23,4;30,1;45;4;14,1;11,3;2;0;986,6;
10505;20180917;3;7,1;11,8;19,3;25,9;47;2;9;11,3;6,9;0;990,9;
10505;20180916;3;6;9,9;16,8;23,7;56,6;2;6,8;9;6,5;0;994,4;
10505;20180915;3;7,7;10,5;14,4;19,7;68,6;3;10,4;5,3;6,8;0;996,6;
10505;20180914;3;4,1;8,7;13,9;19,3;66,3;2;9;8,5;3,6;0;993,5;
10505;20180913;3;7,3;11,4;13,9;16,6;85,4;2;6,1;0,2;6,6;1,3;993,5;
10505;20180912;3;13,2;13,4;17,3;23,8;73,6;3;10,4;7,8;4,2;2,5;993,6;
10505;20180911;3;13,1;14;19,5;26,1;60,2;4;13;11,5;0;994,9;;
10505;20180910;3;13,4;14,6;17,9;22,3;64,4;3;12,5;4,2;7,8;0;994,7;
10505;20180909;3;9,3;12,7;18,2;23,3;55,6;3;8,8;7,1;7,3;0;993,2;
10505;20180908;3;7,9;9,3;14,1;19,9;65,8;3;10,8;7,3;5,6;0;992,5;
10505;20180907;3;7,4;9,7;13,6;17,4;76,3;3;11,3;3,9;5;0,9;987,5;
10505;20180906;3;11;12,5;16,6;20,2;90,6;2;10,3;1;6,9;0,3;985,9;
10505;20180905;3;12,9;16,4;20;25,5;75,1;2;6;2,9;6,8;3,7;989,2;
10505;20180904;3;13;14,7;19,2;24,2;79,7;2;8,8;3,7;7;0;989,5;
10505;20180903;3;10,9;13,7;17,4;20,1;71,5;2;5,2;0,2;7,3;2,8;990,7;
10505;20180902;3;4,4;9;16,8;22,8;57,8;3;12;8,1;1,7;0;996,1;
10505;20180901;3;3,3;8,1;14,6;20,1;58,9;2;9,4;11,6;0,7;0;998,3;
10505;20180831;3;5,6;10;14,1;19,3;65;2;9,1;7,5;6,2;0;995,4;
10505;20180830;3;8,9;11,3;15,4;19,4;71,2;3;10,2;6,3;7,1;0;993,6;
10505;20180829;3;10,1;13,3;18,4;23,9;71,8;2;13,1;4,3;6,7;1,1;986,1;
10505;20180828;3;8;11,8;17,4;23,6;63,6;2;6;7,5;3,9;0;991;
10505;20180827;3;11,4;12,6;16,2;20,7;72,5;4;16,2;3,1;7,1;0;985,5;
10505;20180826;3;6,8;8,1;14,2;19,4;60,5;3;14,3;7,3;5,6;2,5;987,8;
10505;20180825;3;7,3;9,3;12,4;16,7;74,5;4;13,2;3,4;6,5;0,8;985,3;
10505;20180824;3;12,6;13,2;16;19,7;64,2;4;12,7;3,2;7;7;985,3;
10505;20180823;3;11,1;15,1;19,9;24,4;73,9;3;11;11,8;3;1,1;986,3;
10505;20180822;3;13,5;16,2;21,2;26,6;68;2;7,7;12;3,4;0;990,1;
10505;20180821;3;15,1;17,7;21,1;25,8;71,8;1;5,3;5,2;7;0;992,8;
10505;20180820;3;17;17,3;19,4;22,2;85,7;2;7,9;0;7,8;0,1;992,9;
10505;20180819;3;12,2;13,6;19,2;25,3;72,5;3;10;9,6;3,3;0;993,7;
10505;20180818;3;8,8;11,9;17,3;23,1;71,9;2;8;13;0;995,2;;
10505;20180817;3;11,5;13,9;17,4;21,7;81,3;2;8,4;4;6,7;1,3;991,1;
10505;20180816;3;10,7;13,7;20,2;27,3;70,8;2;7,1;11,8;4,8;11,9;988,9;
10505;20180815;3;12,9;14;17,9;22,9;81,4;3;9,2;3,7;5,8;0;992,2;
10505;20180814;3;13,5;15,1;17,3;20,3;88,7;3;11,1;0,2;7,4;0,5;988;
10505;20180813;3;14,7;15,7;18,4;22,7;78;4;14,9;4,1;6,5;8,1;980,8;
10505;20180812;3;8,1;11,5;20,2;27,3;47,5;3;8,6;11,4;6,3;3,1;987,8;
10505;20180811;3;8,7;12,2;16,5;21,5;62,1;3;11;10,6;6,2;0;994,8;
10505;20180810;3;11,6;12,4;17,1;22,1;62,5;13,4;10,1;4,5;0,2;993,8;;
10505;20180809;3;11,6;13,7;18,7;24,4;79;3,7;6,3;6,5;984,9;;;
10505;20180808;3;12,1;15,3;20,6;26,6;71,9;3,7;7;0;985,4;;;
10505;20180807;3;14,5;20;27,9;35;35,8;2;9,7;12,5;2,1;7;982,7;
10505;20180806;3;11,6;14,3;25,1;32,8;45,9;2;7,2;14,3;2;0;988,4;
10505;20180805;3;12,3;16,2;21,4;26,9;64,5;2;8,3;9,4;3,6;0;994,5;
10505;20180804;3;16,6;18,6;24,8;31,2;56,3;2;11,2;10,4;5,5;0;992,6;
10505;20180803;3;14,4;17;26,1;33,5;52,7;2;9,3;12,8;1;0;993,8;
10505;20180802;3;14,5;17;24,5;31,1;56,4;2;7,5;13,9;1,5;0;995,1;
10505;20180801;3;12,8;15,8;22,6;28,7;59,5;2;6,2;7,8;5,7;0;993,4;
10505;20180731;3;15;18,1;23,9;29,1;59,7;3;10,5;11,9;5,8;0;990,2;
10505;20180730;3;17,2;19,2;25,3;32;50,4;2;12,2;12;5,7;0;988,1;
10505;20180729;3;12,1;14,8;22,6;29,9;47,1;3;11,9;4,1;7,6;0;986,2;
10505;20180728;3;13,4;17,4;22,4;27,4;62;3;14,1;7,6;5,8;0;982,7;
10505;20180727;3;17,1;21,1;28,6;35,1;36,8;3;10,2;13,8;4,5;0,1;984,2;
10505;20180726;3;16,8;18,3;26;33,8;58,8;2;10;7;4,5;0,4;987,3;
10505;20180725;3;14,9;18,7;25,5;33,3;58;2;14,2;10,4;3,1;8;988,2;
10505;20180724;3;14,2;18;25,4;31,3;52,8;2;6,7;11,3;2,4;0;987,7;
10505;20180723;3;13,1;15,8;22,6;28,2;61,3;2;6,5;3,4;5,2;0;990,2;
10505;20180722;3;13,2;13,7;20,8;27,1;56,4;2;7,3;10,6;0;988,3;;
10505;20180721;3;13,7;15,2;21,5;27,8;56,1;2;9,9;9,7;4,2;0;984,8;
10505;20180720;3;10,8;14,4;21,2;27,5;52,1;2;6,8;9,5;6,4;0;986,6;
10505;20180719;3;10,1;12,8;20,8;27,4;57,6;2;6,8;14,1;1,3;0;990,5;
10505;20180718;3;7,5;12,2;20;25,8;53,5;2;7,9;13,3;2,2;0;991,3;
10505;20180717;3;9,5;15;21,5;27,4;55,2;3;10,3;9,6;5,5;0;988,5;
10505;20180716;3;9,5;15,8;22,9;29,1;41,3;2;7,5;14,6;2,4;0;986,3;
10505;20180715;3;9;13,6;21,6;28,6;49;2;8,9;13,9;1;0;989,1;
10505;20180714;3;10;12,7;20,5;26,7;61,5;2;7,2;14,5;0;992,1;;
10505;20180713;3;9,1;13,5;20,2;26,3;63,9;2;6,7;14,8;2,3;0;993,1;
10505;20180712;3;14,1;15;19,1;25;71,3;2;6,3;4,4;6;0;991,5;
10505;20180711;3;7,6;9,2;16,1;21,9;72,3;2;9,2;5,6;5,2;0;990,4;
10505;20180710;3;9,8;11,8;14,5;16,8;80,8;3;11;0,4;7,5;0,3;991,1;
10505;20180709;3;7,8;11,3;18,1;23,6;70,3;2;8,1;8,4;4,4;0;995,4;
10505;20180708;3;8,5;12,5;18,6;24,2;58,4;2;8,7;15,2;1,2;0;996,7;
10505;20180707;3;10,9;14,7;20,4;25,4;58,3;2;10,6;13,3;5,3;0;995,9;
10505;20180706;3;9,4;11,9;19,2;25,1;71;2;7,2;8,6;4,8;0;993;
10505;20180705;3;13,4;15,7;20,6;25,8;69;2;8;7,5;6,5;0;987,1;
10505;20180704;3;12,7;15,6;22,1;26,2;64,2;2;7;5,6;7,4;0;987;
10505;20180703;3;7,2;10,6;21,4;28,5;46,5;2;5,6;11,2;4,1;0;988,8;
10505;20180702;3;9,4;11;19,8;26,7;43,5;3;10,4;15,6;0;0;988;
10505;20180701;3;11,1;13,5;20,5;26,6;39,2;4;11,8;15,6;0,5;0;987,8;
10505;20180630;3;9,7;12,5;21,7;28,6;58;3;11,2;15,5;0,3;0;987,5;
10505;20180629;3;10,7;14,1;21,4;27,6;54,9;3;10,4;15,6;0,3;0;990,9;
10505;20180628;3;7,6;11,6;20,5;27;55,3;3;10,9;14,8;1,4;0;994,3;
10505;20180627;3;5,9;9,9;18,5;26,2;66,9;2;10,5;14,8;2,6;0;996;
10505;20180626;3;6,2;10;14,6;21,2;80,9;2;7,7;9,6;4;0;997,5;
10505;20180625;3;9,9;12,3;15,7;20,7;79,1;2;7,2;5,2;5,3;0,1;996,9;
10505;20180624;3;9,6;10,8;14,1;18,1;81,6;2;8,8;2,1;7,8;0,7;995,7;
10505;20180623;3;4,9;6,5;11,9;16,9;82;2;7,7;4;6;0,4;999,1;
10505;20180622;3;5,5;7,1;11,1;15,2;77,9;3;11,5;5;4,8;0;998,8;
10505;20180621;3;6,4;7,5;14,4;17,4;74,5;4;13,7;6,1;4,7;0;993;
10505;20180620;3;13,9;15,9;20,9;26,1;74,1;2;7,2;14,4;0;993,7;;
10505;20180619;3;12;13,1;16,9;20,4;89,1;3;9,4;0,1;6,9;0;996,5;
10505;20180618;3;12,8;13,8;17,1;21;78,6;3;10,8;2,7;6,4;0;993,4;
10505;20180617;3;9,6;11,2;14,6;16,7;77,4;3;10,1;0,5;7,1;0;991;
10505;20180616;3;10,7;12,3;17;22,4;77,9;2;9,3;5,8;6,7;0,9;988,2;
10505;20180615;3;11,5;13,8;17,4;22,1;77,2;2;9,3;9,9;6,7;0;989,1;
10505;20180614;3;5,7;9;14,6;19,9;81,8;3;10,4;5,2;7,1;2,3;988,6;
10505;20180613;3;5,9;9,3;12,9;16,7;82,2;2;8,4;0,5;7,7;0;989,3;
10505;20180612;3;11,7;12,2;14,3;15,9;89,3;2;7,5;0,2;7,7;2,5;985,5;
10505;20180611;3;13,7;14,2;17;21,9;84;2;9,3;2,7;6,9;1,4;984,5;
10505;20180610;3;13,3;14,6;18,9;22,7;85,6;2;5,6;2,5;6,7;0;985,2;
10505;20180609;3;14,7;16,4;19,4;23,6;89;2;6,5;3,7;6,8;0;986,2;
10505;20180608;3;15;16,8;18,8;21,8;90,8;2;6;2,3;6,9;0;987,2;
10505;20180607;3;15,6;16,2;19,9;24,2;79,8;2;10,5;4,8;7,6;13,8;987,6;
10505;20180606;3;8,9;11,2;20,1;26,4;72,2;2;8,2;13,3;2,6;0;985,5;
10505;20180605;3;10,1;12,6;16;19;89,5;2;6,3;3,6;5,2;0;986,2;
10505;20180604;3;10,2;13,6;19,3;24,7;79,9;2;7,7;12,7;4,1;0;986,2;
10505;20180603;3;9,3;12;18,2;23;79,9;2;5,9;11,2;3,7;0;990,8;
10505;20180602;3;11,8;13,7;16,1;18,6;92;3;7,8;0,8;7,2;0;991,7;
10505;20180601;3;15,3;15,3;16,3;18,6;99,3;3;10,6;0;7,6;11,6;989,9;
10505;20180531;3;14,8;15,8;20,4;26,2;79,5;2;12,6;7,1;6,4;11,3;987,5;
10505;20180530;3;13,3;15,2;20,5;25,5;77,9;2;9;10,3;3,5;3,2;986,7;
10505;20180529;3;13,8;16,4;19,7;24,9;87,5;6,3;6,8;17,5;986;;;
10505;20180528;3;12,6;14,7;21,6;26,8;71,4;2;7,5;10,6;6,4;0;989,7;
10505;20180527;3;12,7;14,8;19,5;25,9;81,1;2;16,6;4,4;6,7;25,4;990,3;
10505;20180526;3;11,1;14;20,6;26,1;75;3;9,9;14,1;5,2;0;991,7;
10505;20180525;3;9,4;12,5;19,2;25,1;77,3;2;6,3;12,9;5,3;0;990,5;
10505;20180524;3;9,8;12,1;17,3;21,7;81,4;2;9,1;8,4;5,5;0;990,4;
10505;20180523;3;11,1;13;16,6;21,3;85,5;2;9,2;5,1;7,2;1,3;990,9;
10505;20180522;3;9,2;10,6;15,5;22,1;90,3;2;6,4;5,5;6,5;13,5;985,8;
10505;20180521;3;10,6;12;16,5;23,1;75,4;3;12,6;6,7;7;5;987,1;
10505;20180520;3;2,1;5,6;14,1;21,6;77,2;2;10,7;11,3;2,5;0;993,4;
10505;20180519;3;1,3;4,7;10,1;14,6;75,5;2;6,2;9;3,5;0;994,7;
10505;20180518;3;5,3;6,6;10,2;15,3;73;2;9,4;8,3;7,3;0;994,7;
10505;20180517;3;4,4;6,4;11,1;16,6;73,8;3;8,6;10,8;4,8;0;994,1;
10505;20180516;3;8,8;10,7;14,6;19,4;80,5;2;8,4;4,5;6,1;6,9;989,3;
10505;20180515;3;8,7;11,1;16,5;22;68,3;2;8,9;10,6;4,9;0,1;987,5;
10505;20180514;3;10,1;10;14,7;22,7;88,1;2;7,6;4,1;6,1;0,1;985;
10505;20180513;3;10,4;10,6;12,5;15,8;93,8;3;13,3;0;7,6;5,7;984,9;
10505;20180512;3;5,6;9,3;16,6;22,4;64,9;3;11,2;12,1;8;3,6;986;
10505;20180511;3;1,1;5,3;12,6;19,1;74;2;7,5;7,6;4,9;0;990,9;
10505;20180510;3;6,6;8,5;12,3;16,2;82,1;3;10,4;0,5;7,3;0,1;985,7;
10505;20180509;3;6;10,1;18,9;25,3;59,3;2;8,4;10,1;3,2;0;979,8;
10505;20180508;3;8,2;10,6;18,5;24,9;59,1;3;9,3;14,2;0,4;0;983,1;
10505;20180507;3;7,8;10,1;17,5;23,1;58,2;3;10,8;14,2;0;0;990,4;
10505;20180506;3;3,7;7,3;16,6;23,6;59,9;3;10,6;14,1;0,1;0;994,2;
10505;20180505;3;0,8;5,5;13,8;20,9;64,7;3;10,5;14;0,3;0;995,7;
10505;20180504;3;-0,7;4,4;11,9;17,5;63,1;2;9;13,8;0,2;0;994,5;
10505;20180503;3;3,3;7,2;10,7;14,4;69,9;2;9,6;10,3;6,3;0;989,9;
10505;20180502;3;2,2;3,9;10,9;16,7;63,6;3;10,4;12,5;4,1;0;984,3;
10505;20180501;3;2,4;3,8;7,3;11,8;77,7;4;16,2;6,4;7;0;983,3;
10505;20180430;3;3,6;3,8;9,4;12,2;85,3;21,4;1,1;7,8;6,6;972,5;;
10505;20180429;3;1,2;5,2;12,4;19,9;84;2;4,1;6,5;63,3;978,2;;
10505;20180428;3;5,5;7,9;12,2;16;65,6;3;10,7;1,5;7,2;0;983,2;
10505;20180427;3;0,4;4,4;11,8;18,1;59,5;3;10,8;9,2;7,3;0;983,4;
10505;20180426;3;2,4;5,1;9;13,9;70,8;4;15,1;5,2;6,9;0;988,8;
10505;20180425;3;5,6;6,7;12;15,5;71,5;4;16,4;4,2;5,5;1,1;984,2;
10505;20180424;3;6;6,9;11,5;15,5;80,2;4;11,6;2,7;7,7;0,4;988,4;
10505;20180423;3;7;8,1;13,6;17,5;76,4;3;11,5;7,6;6,6;0;988,2;
10505;20180422;3;9,1;12,4;19,7;25,4;61,4;3;19;9,5;5,6;7,2;985,2;
10505;20180421;3;6,4;10,9;17;22,5;69,6;2;6,5;11,7;3;0;993;
10505;20180420;3;7,5;14,5;20,7;25,9;55;2;6,6;12,7;3,3;0;995,5;
10505;20180419;3;4,9;13,2;20,6;26,6;47;3;11,5;13,2;3,3;0;998,4;
10505;20180418;3;3,4;9,7;17,6;23,5;57,6;2;9,2;13;2,5;0;1001,9;
10505;20180417;3;1,3;5,5;14,3;20,9;68;2;7,1;12,9;3,8;0;997,2;
10505;20180416;3;3,3;8,2;12,3;16,5;75,6;3;8,8;9,1;4;0;988,4;
10505;20180415;3;7,1;9,8;13,2;17,3;80,9;2;8,1;5,1;7;0,2;985,4;
10505;20180414;3;5,1;7,6;12,5;17,3;80,7;2;7,4;7,1;5,9;3,3;989,3;
10505;20180413;3;0,3;6,6;11,1;14,1;78,5;2;8;0;6,2;0;980,8;
10505;20180412;3;2;4,7;10,7;16,3;90,4;2;7,6;2,3;6;0;973,7;
10505;20180411;3;4,6;7,2;9,8;13;88,7;2;7;3,5;5,9;3,3;978,6;
10505;20180410;3;8,1;8,9;13,1;17,1;75,3;3;11,6;1,6;7,6;3,8;976,1;
10505;20180409;3;6,8;9,2;13,2;16,3;80,3;2;7,7;0,2;7,3;0;976,9;
10505;20180408;3;6;11,7;17,4;22,4;51,3;2;8,3;5,4;6,2;0;979,8;
10505;20180407;3;2,2;6;15,5;21,8;50,7;3;11,3;11,7;4,4;0;982,6;
10505;20180406;3;-2,2;0,5;8,8;15,9;58,7;3;11,8;10,9;5,1;0;989,5;
10505;20180405;3;-3;1,3;6,2;9,1;78,9;4;17,9;2,9;6,4;0,8;985,3;
10505;20180404;3;3,7;5,9;10,4;12,8;77,6;4;16,3;2,8;6,5;0,4;973,7;
10505;20180403;3;7,7;9;11,6;15,9;74;4;16,9;3;7,8;0,1;973,7;
10505;20180402;3;-0,5;2,4;8,6;13,2;70;4;13,4;0,2;7,9;1,3;978,5;
10505;20180401;3;1,8;3,4;5;7,8;90,7;3;11;0,1;7,3;0,5;981;
10505;20180331;3;1,3;3,3;7;11,2;78,5;3;11,4;5,4;6,9;6,2;972,4;
10505;20180330;3;3,3;4,9;8,6;13,1;67,2;3;10,5;4;7,7;0,7;972,6;
10505;20180329;3;0,9;2,2;5,8;10,3;73,1;3;12,7;5,6;6,2;0;977,9;
10505;20180328;3;2,5;2,6;6,6;9,7;94,9;4;22,2;0,2;7,8;5,7;974,6;
10505;20180327;3;-3;0,7;5,3;10,5;84,7;3;12,3;0,9;5,9;6,2;982,9;
10505;20180326;3;-2,7;1,7;5,8;9,9;78,3;2;10,9;4,7;6;0,1;987,8;
10505;20180325;3;-1,4;1,9;7,7;11,9;63,2;2;6,9;7,3;5,7;0;979,8;
10505;20180324;3;-1,3;2,9;6,5;12,6;71,5;2;8,4;8,4;5,1;0;974,2;
10505;20180323;3;3;3,3;4,2;5,6;89,3;3;13;0,1;7,8;0;979,4;
10505;20180322;3;0,1;0,2;3,2;5,8;95,6;3;10,4;0;7,8;5,5;989,4;
10505;20180321;3;-8,2;-3,8;-0,2;4,8;83,6;2;6,1;3,1;6;0;1000,2;
10505;20180320;3;-7,8;-5,4;0,4;6,7;62,8;3;12,4;7,6;3,3;0,5;992,4;
10505;20180319;3;-6;-3,6;-1,6;1,7;59,3;4;10,3;5,3;5,6;0;983,6;
10505;20180318;3;-4;-4,3;-2,5;-0,5;70,7;4;13,8;0,2;7,8;0;978,8;
10505;20180317;3;-4;-3,5;-2;0,3;87,4;5;15,6;0;7,8;0,1;975,5;
10505;20180316;3;0,5;0,2;6;9,6;95,4;3;8,7;0,1;7,8;4,6;973,4;
10505;20180315;3;1,5;3,4;6,8;10,7;75,8;4;12,1;1,2;7,7;4,7;969,2;
10505;20180314;3;-1,8;1,3;6,1;10,8;81,6;3;9,2;4,9;4,7;0;981,8;
10505;20180313;3;3,2;3,3;5,1;7,7;96,8;4;16;0;7,8;12,9;975,9;
10505;20180312;3;6,9;7,6;10,1;12,8;79,8;4;15,6;3,2;7;3,3;965,9;
10505;20180311;3;7,2;8,2;11,5;13,8;83;3;13,7;0,7;6,8;0,1;967,5;
10505;20180310;3;7,9;9,5;11,4;14,3;83,1;4;12,4;0,7;7,1;0,3;973,3;
10505;20180309;3;1,1;2,5;6;9,7;87,3;3;9,6;0;7,6;2,5;978;
10505;20180308;3;0,8;2,2;4,1;7,8;86,7;4;16,6;2,9;4;5,8;973,7;
10505;20180307;3;-1,8;2;4,8;7,4;86,3;3;15,3;0,3;6,9;3,4;967,5;
10505;20180306;3;0;3,9;7,3;10,6;76,1;3;8,2;0,9;6,5;0;963,8;
10505;20180305;3;-1,3;3,5;6,9;11;76,3;3;12,2;4,7;5,8;0;966,6;
10505;20180304;3;-0,8;1;7;12,6;74,1;3;14,7;5,6;5,8;0;967,3;
10505;20180303;3;-4,6;-3,9;-0,5;3,4;89,5;3;8,4;5,6;6,7;0,1;967,9;
10505;20180302;3;-4,5;-5;-3,7;-1,6;64,4;5;18,1;0;8;1,8;968;
10505;20180301;3;-8,1;-7,7;-4,5;-0,4;49,1;6;19,7;6,8;7,4;0;975,9;
10505;20180228;3;-13,1;-10,8;-7,5;-3,8;59,4;4;17,7;9,7;2,3;0;988,6;
10505;20180227;3;-14,5;-9,1;-6;-2,4;64,7;3;12,6;9,5;2;0;992,1;
10505;20180226;3;-9,1;-7,3;-5,4;-2,6;72,1;4;13,2;2,6;5,2;0,1;998,1;
10505;20180225;3;-7,8;-6,4;-3,7;-0,3;52,2;5;14,4;9,7;1,2;0;997,9;
10505;20180224;3;-7,3;-5,6;-1,7;3,8;54,9;5;17,8;8,5;1,8;0;993,7;
10505;20180223;3;-6,6;-4,6;-1,6;1,7;64,1;4;14,6;9,6;0;0;991,7;
10505;20180222;3;-6,5;-4,2;-1;3,1;75,4;4;11,6;9;0,7;0;993,3;
10505;20180221;3;-6,5;-4,1;-0,7;3;79,5;3;7,7;8,6;1,1;0;994,9;
10505;20180220;3;-4,8;-1,7;1;4;79,7;2;6;2;6,5;0;989,9;
10505;20180219;3;-7,1;-2,4;0,6;3,9;78,8;2;3,9;0,8;7,3;0;991,1;
10505;20180218;3;-5;-0,9;2,5;7;73,3;2;7,7;7,9;1,7;0;996,8;
10505;20180217;3;-3,7;-1,1;1;4,1;85,2;3;6,9;3,8;5,5;0;994,6;
10505;20180216;3;-4,1;-1,1;3;6,6;82,2;2;6,9;7,9;2,2;0;996,6;
10505;20180215;3;-0,6;0,9;4,1;7,2;89,5;4;16,8;0;7,2;2,6;984,5;
10505;20180214;3;-5,6;-2,8;1,2;4,5;60,4;3;13,8;8,7;2,9;3,4;985,8;
10505;20180213;3;-4,3;-1,7;0,8;3,8;70,7;3;12,1;8,9;0,5;0;984,1;
10505;20180212;3;-1,5;-0,3;0,9;3,4;84,3;4;12,2;2,7;5,4;0;985,4;
10505;20180211;3;-0,4;0;2,4;4,9;87;5;19,9;0;7,4;0,7;975,6;
10505;20180210;3;-0,6;0;0,8;2,4;91,8;4;12,7;1,3;7,5;2;986,2;
10505;20180209;3;-5,3;-3,7;-1,3;0,5;81,2;4;13;6,8;5,5;0,2;985,7;
10505;20180208;3;-16,7;-8,3;-3,6;0,1;79;2;5,6;6,9;2,1;0;991,5;
10505;20180207;3;-16,9;-6,4;-3,8;-1,8;89,5;2;4,8;2,5;4,1;0;987,8;
10505;20180206;3;-4,7;-3,7;-2,6;-1,6;92,3;3;8,9;0;6,6;1,5;985,7;
10505;20180205;3;-4,6;-3,4;-1,3;2,1;82,5;4;10,2;6,4;2,4;0;994,9;
10505;20180204;3;-3,4;-2,4;-1,1;1,5;90,4;3;8,4;0,2;7,2;0,6;990,1;
10505;20180203;3;-0,8;0,7;1,7;3,2;96,3;2;8,3;0,1;7,4;1,3;979,3;
10505;20180202;3;0,1;0,5;1,8;3,1;97,8;4;12,5;0;7,8;6,8;976,4;
10505;20180201;3;-0,4;0,9;1,7;3,5;89,5;4;15,4;2,4;3,5;1;973,5;
10505;20180131;3;1,2;2,5;6,6;8,8;93,3;5;19,1;0;7,7;11,2;979,9;
10505;20180130;3;-0,9;1,5;4,8;8;89,4;3;12;3,6;6,3;0,7;999,4;
10505;20180129;3;4;4,7;8,4;9,2;87,8;5;17,4;0;7,5;2,2;999,5;
10505;20180128;3;3,7;4;6,9;9,5;95,9;5;16,4;0,1;7,5;0,1;1002,7;
10505;20180127;3;2,7;3,8;5,3;7,6;84,4;3;17,1;6,4;6;0,4;1001,1;
